CD8T	63	64	1.36863271599538
CD8T	64	65	1.33550233465579
CD8T	65	66	1.58401081863252
CD8T	66	67	1.27927517129965
CD8T	67	68	1.28529841676794
CD8T	68	69	0.749443560131816
CD8T	69	70	1.4102388977041
CD8T	70	71	0.843430923524265
CD8T	71	72	0.39863377548449
CD8T	72	73	0.848556982030159
CD8T	73	74	0.9059469873621
CD8T	74	75	1.51537695203021
CD8T	75	76	1.15347836875405
CD8T	76	77	1.13610457584567
CD8T	77	78	1.1093940642714
CD8T	78	79	1.07314313651703
CD8T	79	80	1.12883436901669
CD8T	80	81	0.989876803525058
CD8T	81	82	1.05050045916668
CD8T	82	83	1.23518782367386
CD8T	83	84	1.49278393904348
CD8T	84	85	1.28473100650501
CD8T	85	86	1.33323532171794
CD8T	86	87	1.19953449753637
CD8T	87	88	1.56608747156049
CD8T	88	89	1.35780991657681
CD8T	1134	1135	2.10216979275739
CD8T	1135	1136	1.82895755035911
CD8T	1136	1137	2.04182530667018
CD8T	1137	1138	1.11308569159674
CD8T	1138	1139	0.777640981042244
CD8T	1139	1140	1.13281308475389
CD8T	1140	1141	0.946640802351753
CD8T	1141	1142	1.21966859190947
CD8T	1142	1143	1.07326980181757
CD8T	1143	1144	1.6996938709958
CD8T	1144	1145	1.45666876632877
CD8T	1145	1146	1.50930994415174
CD8T	1146	1147	0.630393042163169
CD8T	1147	1148	0.880221012424611
CD8T	1148	1149	1.09330723643842
CD8T	1149	1150	1.08428690240904
CD8T	1150	1151	0.96476374636562
CD8T	1151	1152	1.10330084380753
CD8T	1152	1153	1.60243485978039
CD8T	1153	1154	0.903756572271626
CD8T	1154	1155	1.21731972188124
CD8T	1155	1156	1.28416416398736
CD8T	1156	1157	2.41072065929993
CD8T	1157	1158	1.392703431126
CD8T	1158	1159	1.22745841616627
CD8T	1159	1160	1.36060487500458
CD8T	1160	1161	1.48692787133448
CD8T	1161	1162	1.37810064674958
CD8T	1162	1163	2.09152228469769
CD8T	1163	1164	1.23536083136102
CD8T	1164	1165	1.32791174714174
CD8T	1165	1166	1.57059807911784
CD8T	1166	1167	1.29253515758635
CD8T	1167	1168	1.09370316377667
CD8T	1168	1169	1.48639818341395
CD8T	1169	1170	2.10174949909034
CD8T	1170	1171	1.31800966172393
CD8T	1171	1172	0.946737320982722
CD8T	1172	1173	1.48798858236429
CD8T	1173	1174	1.25062423523555
CD8T	1174	1175	1.19485722400428
CD8T	1175	1176	2.19226222776456
CD8T	1176	1177	1.28227877722513
CD8T	1177	1178	1.60975798925527
CD8T	1178	1179	1.21715233329511
CD8T	1179	1180	1.765178472664
CD8T	1180	1181	1.4935867112408
CD8T	2805	2806	1.77569188836057
CD8T	2806	2807	0.928121950037467
CD8T	2807	2808	1.24197575890452
CD8T	3141	3142	1.17422552020476
CD8T	3142	3143	1.0102981868934
CD8T	3143	3144	2.70940458203033
CD8T	3288	3289	2.83472050334679
CD8T	3289	3290	1.86080059627647
CD8T	3351	3352	0.975238829109858
CD8T	3352	3353	1.52346328132922
CD8T	3353	3354	1.20441632024726
CD8T	3354	3355	1.27331549884716
CD8T	3355	3356	2.88307273004367
CD8T	3356	3357	2.56133851364957
CD8T	3357	3358	1.0453303103343
CD8T	3358	3359	1.32954458757593
CD8T	3359	3360	1.85327519926764
CD8T	3360	3361	1.36243951315397
CD8T	3361	3362	1.20588954365192
CD8T	3362	3363	1.70519823854357
CD8T	3363	3364	1.24690118287777
CD8T	3364	3365	1.01610895224401
CD8T	3365	3366	1.14508360529694
CD8T	3366	3367	1.2624903211984
CD8T	3367	3368	2.01347435610029
CD8T	3368	3369	1.10195677339096
CD8T	3369	3370	1.97804388912805
CD8T	3370	3371	2.2886200680401
CD8T	3371	3372	1.46736355215188
CD8T	3372	3373	1.07504655811793
CD8T	3373	3374	1.02006104962903
CD8T	3899	3900	1.85942656011826
CD8T	3900	3901	1.20083198862238
CD8T	3901	3902	1.02301856459932
CD8T	3968	3969	1.70556675785926
CD8T	3969	3970	1.40418256408046
CD8T	3970	3971	1.27703290414657
CD8T	3971	3972	1.43386668376264
CD8T	3972	3973	1.13238531239755
CD8T	4095	4096	1.2484937148215
CD8T	4121	4122	1.12982615231571
CD8T	4122	4123	0.87002165892659
CD8T	4123	4124	0.474655047069767
CD8T	4124	4125	1.02852781916606
CD8T	4125	4126	1.39338605436429
CD8T	4126	4127	1.17654765961443
CD8T	4127	4128	0.967688459450668
CD8T	4128	4129	0.983755309524031
CD8T	4129	4130	1.3299535152245
CD8T	4700	4701	1.3122281487223
CD8T	4701	4702	1.26358168202254
CD8T	4702	4703	1.9408699880354
CD8T	4703	4704	1.52683938889137
CD8T	4704	4705	1.02324683720569
CD8T	4705	4706	1.3299535152245
CD8T	4706	4707	1.69314599868588
CD8T	4707	4708	1.23839731123718
CD8T	4708	4709	0.754063096651859
CD8T	4709	4710	1.46736355215188
CD8T	4710	4711	1.27946242960824
CD8T	4711	4712	1.03142284418031
CD8T	4712	4713	1.97938681173799
CD8T	4713	4714	1.10478349151056
CD8T	4714	4715	2.13413264524931
CD8T	4715	4716	1.06510399910669
CD8T	4716	4717	1.5240247353639
CD8T	5101	5102	0.832858256654068
CD8T	5102	5103	0.706614023541829
CD8T	5103	5104	0.817090284976043
CD8T	5104	5105	0.894593339860598
CD8T	5105	5106	0.52449632047849
CD8T	5106	5107	2.10216979275739
CD8T	5107	5108	0.865373927159306
CD8T	5108	5109	0.725551840406092
CD8T	5276	5277	1.92494927346326
CD8T	5277	5278	1.5399476131621
CD8T	5278	5279	3.24063411378507
CD8T	5279	5280	2.14782472755645
CD8T	5280	5281	1.29522471346877
CD8T	5281	5282	3.54201920754936
CD4T	125	126	2.05625384589532
CD4T	130	131	1.24566570662461
CD4T	131	132	1.06014600784031
CD4T	132	133	1.2432030047402
CD4T	133	134	1.21514768545071
CD4T	134	135	2.22747708253896
CD4T	135	136	1.06063953767434
CD4T	136	137	1.50167084358283
CD4T	137	138	1.6100782198035
CD4T	138	139	4.38679748521967
CD4T	139	140	0.658358591146283
CD4T	140	141	1.15258828986991
CD4T	141	142	2.07734437208911
CD4T	142	143	1.62612454156424
CD4T	143	144	2.11041095256371
CD4T	144	145	1.13053574799745
CD4T	145	146	1.43752746107942
CD4T	146	147	1.3629801961148
CD4T	147	148	1.43850735460176
CD4T	148	149	0.898027797315793
CD4T	149	150	1.24364196872834
CD4T	150	151	1.20851858622415
CD4T	151	152	3.1228411099639
CD4T	152	153	1.79887812916272
CD4T	153	154	1.11294848226797
CD4T	154	155	1.30025350464803
CD4T	155	156	1.70611990478144
CD4T	156	157	1.38412329532232
CD4T	157	158	1.06410835100195
CD4T	158	159	1.11611375288214
CD4T	159	160	0.969107235886361
CD4T	160	161	1.82414682357231
CD4T	161	162	2.96361615009815
CD4T	162	163	2.89546599173952
CD4T	163	164	1.91107742460252
CD4T	164	165	1.17608241448653
CD4T	165	166	1.14100918721065
CD4T	166	167	1.18554475736965
CD4T	167	168	1.11569976707809
CD4T	168	169	0.805688391098442
CD4T	169	170	1.519546796596
CD4T	170	171	0.879230849978126
CD4T	171	172	0.471327415467094
CD4T	172	173	2.38347541227006
CD4T	173	174	0.802550240535763
CD4T	174	175	2.29541660351543
CD4T	175	176	1.74499937916894
CD4T	176	177	1.79593833030302
CD4T	177	178	1.23242708784122
CD4T	178	179	0.583166538006771
CD4T	179	180	1.1588510236475
CD4T	180	181	1.63056832072081
CD4T	2015	2016	1.13725440421173
CD4T	2016	2017	1.23709390968863
CD4T	2017	2018	2.0249936887696
CD4T	2018	2019	2.01291228114764
CD4T	2019	2020	0.927197887050753
CD4T	2020	2021	1.13381261020535
CD4T	2021	2022	1.92820682375552
CD4T	2022	2023	1.0644814806009
CD4T	2023	2024	1.600853486456
CD4T	2024	2025	1.03703127374678
CD4T	2025	2026	0.961458680993039
CD4T	2026	2027	1.38558228388564
CD4T	2027	2028	1.48878528643126
CD4T	2028	2029	0.839078377784255
CD4T	2029	2030	1.02737474732733
CD4T	2030	2031	1.91526123456079
CD4T	2031	2032	1.12516736670663
CD4T	2032	2033	1.09635074719603
CD4T	2033	2034	1.66442885886046
CD4T	2541	2542	0.956102607170866
CD4T	2542	2543	1.30552294977788
CD4T	2543	2544	1.44541052862473
CD4T	2544	2545	3.00294930775638
CD4T	2545	2546	3.05313451908402
CD4T	2546	2547	1.50221346333821
CD4T	2929	2930	1.15660568467706
CD4T	2930	2931	0.734181572593781
CD4T	2931	2932	2.13698395419608
CD4T	2932	2933	2.32422074411808
CD4T	2933	2934	1.71484398514075
CD4T	2934	2935	1.45540772047331
CD4T	2935	2936	1.83956601435704
CD4T	2936	2937	2.48883910491908
CD4T	2937	2938	1.47122793521492
CD4T	2938	2939	1.25995207206784
CD4T	2939	2940	1.28643494431144
CD4T	2940	2941	1.86563016299624
CD4T	2941	2942	1.77406426244286
CD4T	2942	2943	1.62957827162262
CD4T	2943	2944	2.11488466448506
CD4T	2944	2945	1.87165411492681
CD4T	2945	2946	1.1166662607799
CD4T	2946	2947	2.90226781780104
CD4T	2947	2948	1.11048506709839
CD4T	2948	2949	1.14420780650704
CD4T	2949	2950	1.61586880276439
CD4T	2950	2951	0.889831854473702
CD4T	2951	2952	0.781154588301775
CD4T	2952	2953	0.794550111923531
CD4T	2953	2954	1.59300264994819
CD4T	2954	2955	1.50466099760988
CD4T	2955	2956	1.57483615925675
CD4T	2956	2957	1.06175181676558
CD4T	2957	2958	0.432190261803743
CD4T	2958	2959	1.44047182615621
CD4T	2959	2960	0.752872925911363
CD4T	2960	2961	1.05731791340542
CD4T	2961	2962	0.9059469873621
CD4T	2962	2963	0.862673818524737
CD4T	2963	2964	0.508463501535984
CD4T	2964	2965	1.05548235836034
CD4T	2965	2966	0.55453147198826
CD4T	2966	2967	0.756695392498665
CD4T	2967	2968	0.887219169860531
CD4T	2968	2969	0.85020361658965
CD4T	2969	2970	0.562242665401455
CD4T	2970	2971	0.721941158118761
CD4T	2971	2972	0.911428461492703
CD4T	2972	2973	0.85826533853947
CD4T	2973	2974	1.80394603009865
CD4T	2974	2975	0.878325280072257
CD4T	2975	2976	1.01847621421293
CD4T	2976	2977	1.00686820528624
CD4T	2977	2978	1.55775000062302
CD4T	2978	2979	1.23242708784122
CD4T	2979	2980	0.888818550894327
CD4T	2980	2981	0.966072467765882
CD4T	2981	2982	1.58957753864035
CD4T	2982	2983	1.61393302355103
CD4T	2983	2984	0.798293867615854
CD4T	2984	2985	0.967587289431451
CD4T	4208	4209	1.48481178242682
CD4T	4209	4210	2.20772273519066
CD4T	4210	4211	1.36384631639314
CD4T	4211	4212	0.366131788948148
CD4T	4212	4213	1.33612214308294
CD4T	4213	4214	0.509548892025375
CD4T	4214	4215	0.48067749774992
CD4T	4215	4216	0.907442955857149
CD4T	4216	4217	0.911784539435766
CD4T	4217	4218	1.00808240420518
CD4T	4218	4219	1.42540873735213
CD4T	4219	4220	1.03281875940134
CD4T	4220	4221	0.923338233178455
CD4T	4221	4222	0.854059315266938
CD4T	4222	4223	1.37765692841824
CD4T	4223	4224	1.25080214860118
CD4T	4224	4225	1.16762484306341
CD4T	4225	4226	0.980620967409757
CD4T	4226	4227	0.803094155168501
CD4T	4227	4228	0.89845908274643
CD4T	4228	4229	0.336483665584492
CD4T	4229	4230	1.16276595123645
CD4T	4230	4231	1.47096956626873
CD4T	4231	4232	0.934739969572993
CD4T	4232	4233	1.18894842102634
CD4T	4233	4234	0.819000152295979
CD4T	4234	4235	0.499284829806809
CD4T	5071	5072	1.43168062879987
CD4T	5072	5073	1.43192314015944
CD4T	5183	5184	1.04157791051824
CD4T	5184	5185	0.980516860394147
CD4T	5290	5291	1.79238474280561
CD4T	5291	5292	0.812251927955629
CD4T	5292	5293	1.72671238338778
CD4T	5293	5294	2.39404056755827
CD4T	5294	5295	0.779425569360173
CD4T	5295	5296	0.866011856818577
CD4T	5296	5297	0.664574491929642
CD4T	5297	5298	1.49842482065082
CD4T	5686	5687	2.00619944541362
CD4T	5687	5688	1.01436932799075
CD4T	5688	5689	0.55314697385617
CD4T	5689	5690	1.99899325293938
CD4T	5690	5691	2.26934127872548
CD4T	5691	5692	0.394034561892786
CD4T	5692	5693	1.24005272818704
CD4T	5856	5857	1.34760327129153
CD4T	5858	5859	1.03856166403546
CD4T	5859	5860	0.957682891372449
CD4T	5860	5861	1.12558914024867
CD4T	5861	5862	1.10088410576174
CD4T	5862	5863	0.909741140137114
CD4T	5863	5864	1.54283277281901
CD4T	5864	5865	2.16927515978799
CD4T	5865	5866	0.557577007721622
CD4T	5866	5867	2.63722533884258
CD4T	5867	5868	1.08897270524384
CD4T	5868	5869	1.63288411833355
CD4T	5869	5870	1.28246703349111
CD4T	5870	5871	1.527403801427
CD4T	5871	5872	2.73003949435588
CD4T	5872	5873	0.977301326883891
CD4T	5873	5874	2.80651295380342
CD4T	5874	5875	1.174071073376
CD4T	5875	5876	2.57488359827763
CD4T	5876	5877	1.56399310965288
CD4T	5877	5878	1.30827444423789
CD4T	5878	5879	2.34762900467216
CD4T	5879	5880	1.07339649984047
CD4T	5880	5881	0.953938847214584
CD4T	5881	5882	1.33138702977289
CD4T	5882	5883	1.06063953767434
CD4T	5883	5884	0.83997500044854
CD4T	5884	5885	1.09067573907237
CD4T	5885	5886	1.59004355626372
CD4T	5886	5887	1.59159932424817
CD4T	5887	5888	1.08241202618753
CD4T	5888	5889	1.9791180365896
CD4T	5889	5890	0.823852208463639
CD4T	5890	5891	0.687446334782043
CD4T	5891	5892	0.710434538160248
CD4T	5892	5893	1.1872042938122
CD4T	5893	5894	1.2262658109939
CD4T	5894	5895	1.20099439557168
CD4T	5895	5896	0.956201210657652
CD4T	5896	5897	0.398279840483052
CD4T	5897	5898	1.51593136452463
CD4T	5898	5899	1.21564815364914
CD4T	5899	5900	1.32791174714174
CD4T	5900	5901	1.21815743931789
CD4T	5901	5902	1.95583257731429
CD4T	5902	5903	1.37699196845758
CD4T	5903	5904	1.43411005926523
CD4T	5904	5905	1.47902890928065
CD4T	5905	5906	0.9518832341905
CD4T	5906	5907	0.86753094978703
NK	0	1	1.32041905155431
NK	105	106	2.19226222776456
NK	106	107	1.34950358875602
NK	107	108	2.20772273519066
NK	108	109	2.00425260520077
NK	109	110	1.2959954953709
NK	110	111	2.04768195634531
NK	111	112	1.16655810912996
NK	112	113	1.28303217841967
NK	113	114	0.938513184624334
NK	114	115	0.985120251652208
NK	115	116	1.00313516924085
NK	116	117	1.0708687410638
NK	117	118	0.975444656478561
NK	118	119	1.27257495441284
NK	119	120	1.10330084380753
NK	120	121	1.31821006104027
NK	121	122	0.861804078108125
NK	122	123	0.999757531275773
NK	446	447	1.17685805066494
NK	447	448	1.04389735703126
NK	448	449	1.92896059074154
NK	449	450	1.58431885233877
NK	450	451	1.28021208433365
NK	451	452	1.3627638637097
NK	452	453	1.23622668766573
NK	623	624	1.0587913828827
NK	694	695	1.01588412103959
NK	695	696	1.58063191318502
NK	801	802	1.23848431451151
NK	859	860	0.673116927243688
NK	860	861	1.88598438812413
NK	861	862	2.321936863655
NK	862	863	1.77467418506076
NK	863	864	0.679722844915132
NK	864	865	0.821347270352809
NK	865	866	1.20180716723657
NK	866	867	1.11157843466538
NK	867	868	1.43777228842962
NK	868	869	0.907707498056338
NK	869	870	1.23191099257344
ILC	0	1	1.16762484306341
ILC	1	2	1.48719288207427
ILC	45	46	0.805414482431026
ILC	46	47	0.830806487666529
B	252	253	1.2011568516163
B	443	444	0.660930076222468
B	444	445	1.0104092531462
B	601	602	1.24725468327683
B	622	623	0.299330129767815
B	623	624	0.752427625152152
B	624	625	0.81529512930103
B	625	626	0.426777246268155
B	626	627	0.408470861599041
B	627	628	0.352273379358321
B	628	629	0.417040800066053
B	629	630	0.50809396132371
B	630	631	0.375177034580308
B	631	632	1.07718080003716
B	835	836	0.347621782839623
B	836	837	0.317848076738119
B	837	838	1.37125982501303
B	838	839	0.364606450648637
B	839	840	0.415686545702683
B	840	841	0.420564629647721
B	841	842	0.335095092440804
B	842	843	0.456922497536069
B	843	844	0.357310371628694
B	844	845	0.346757314503037
B	845	846	0.310737848751707
B	846	847	0.533430967845818
B	847	848	0.373207953967805
B	848	849	0.282366173611599
B	849	850	0.416970228800006
B	850	851	0.604172679459382
B	851	852	1.76357478287235
B	852	853	0.663431145095544
B	853	854	0.79815952275057
B	854	855	0.355206790645673
B	855	856	0.295375504263667
B	856	857	0.440231527890095
B	1230	1231	0.242476358110309
B	1231	1232	0.294324688766666
Neutrophil	4	5	2.19296925176608
Neutrophil	34	35	1.70704279903129
Neutrophil	37	38	2.07125975698358
Neutrophil	38	39	2.41256905039555
Neutrophil	259	260	2.8021400099501
Neutrophil	301	302	1.79845741791218
Neutrophil	302	303	2.57535063994115
Neutrophil	303	304	2.57647257761808
Neutrophil	304	305	2.34506608797021
Neutrophil	820	821	3.45552288407289
Neutrophil	821	822	2.60268968544438
Neutrophil	822	823	2.5631051891196
Neutrophil	823	824	2.66011073881309
Neutrophil	824	825	2.12132024640761
Neutrophil	1015	1016	2.39155582030483
Neutrophil	1158	1159	2.96645751350365
Neutrophil	1159	1160	1.72994988421238
Neutrophil	1160	1161	1.53736192508292
Neutrophil	1161	1162	1.85531989622198
Neutrophil	1162	1163	2.26546235027253
Neutrophil	1163	1164	3.21008581938804
Neutrophil	1164	1165	2.42374604759705
Neutrophil	1165	1166	4.14490777650142
Neutrophil	1166	1167	1.94676778204099
Neutrophil	1167	1168	1.9891267505551
Neutrophil	1168	1169	2.36492133554336
Neutrophil	1169	1170	2.64661157397984
Neutrophil	1170	1171	2.84381749568593
Neutrophil	1171	1172	3.04452243772342
Neutrophil	1172	1173	2.8654123694741
Neutrophil	1173	1174	2.87957606515677
Neutrophil	1174	1175	5.50593342921618
Neutrophil	1175	1176	3.05025475493917
Neutrophil	2521	2522	1.76718820849755
Neutrophil	2522	2523	2.63331922965075
Neutrophil	2749	2750	1.49011536301151
Neutrophil	2750	2751	1.71746397656373
Neutrophil	2751	2752	2.97665005709066
Neutrophil	2752	2753	1.79551934331524
Neutrophil	3122	3123	2.64296612938031
Neutrophil	3123	3124	3.04642919776342
Neutrophil	3124	3125	2.67508018186464
Neutrophil	3125	3126	2.77071571176526
Neutrophil	3126	3127	1.93527175085026
Neutrophil	3127	3128	2.49769862269068
Neutrophil	3128	3129	2.81680118902279
Macrophage	5	6	0.350216726210383
Macrophage	6	7	0.657730165735909
Macrophage	7	8	0.678142378139925
Macrophage	8	9	0.773719756183031
Macrophage	9	10	1.44574118273969
Macrophage	10	11	0.766863878534624
Macrophage	11	12	0.607388465640669
Macrophage	12	13	0.89382444173006
Macrophage	13	14	0.492557811927383
Macrophage	14	15	0.692398023326755
Macrophage	15	16	0.491126231676101
Macrophage	16	17	0.872284428411974
Macrophage	273	274	0.861251575161069
Macrophage	274	275	1.04045198407971
Macrophage	275	276	0.739520365193324
Macrophage	276	277	1.42301346208277
Macrophage	277	278	0.59025057787631
Macrophage	278	279	0.830222228791509
Macrophage	279	280	0.516652768775185
Macrophage	280	281	0.576562537447422
Macrophage	281	282	0.458478653053606
Macrophage	282	283	0.550337007113655
Macrophage	283	284	0.495672251473474
Macrophage	284	285	0.76189632422873
Macrophage	285	286	1.08499992618023
Macrophage	286	287	1.80458204417422
Macrophage	287	288	1.91461982943138
Macrophage	288	289	0.654784246255855
Macrophage	289	290	0.77146189840423
Macrophage	290	291	0.484524274426066
Macrophage	291	292	0.543256907654564
Macrophage	292	293	0.736273373652013
Macrophage	293	294	1.15735305796392
Macrophage	294	295	0.884789788852023
Macrophage	295	296	0.857092597904249
Macrophage	296	297	0.723687098466325
Macrophage	297	298	1.1617844689486
Macrophage	298	299	0.935586104968916
Macrophage	299	300	1.00808240420518
Macrophage	300	301	2.13172802768184
Macrophage	301	302	1.10410901788533
Macrophage	1054	1055	0.598508685973492
Macrophage	1055	1056	1.13245658300534
Macrophage	1056	1057	0.641901258208691
Macrophage	1229	1230	0.592482729383103
Macrophage	1230	1231	0.388866620078327
Macrophage	1231	1232	0.361752685868224
Macrophage	1232	1233	0.938750095509925
Macrophage	1233	1234	0.413645773655262
Macrophage	1234	1235	1.29186474902529
Macrophage	1235	1236	0.292331530134579
Macrophage	1236	1237	0.324431861596412
Macrophage	1237	1238	0.516270968254291
Macrophage	1238	1239	0.691650547703883
Macrophage	1239	1240	0.402274099737659
Macrophage	1240	1241	0.282977492800295
Macrophage	1241	1242	0.464065993807765
Macrophage	1242	1243	0.157403758895369
Macrophage	1243	1244	0.612917672615886
Macrophage	1244	1245	0.655214010117219
Macrophage	1245	1246	0.756365303477261
Macrophage	1246	1247	0.600434020575189
Macrophage	1247	1248	0.426536987385023
Macrophage	1248	1249	0.258190580735735
Macrophage	1249	1250	0.624132643182687
Macrophage	1250	1251	0.423857433060404
Macrophage	1251	1252	1.38930188218385
Macrophage	1252	1253	1.21492540326572
Macrophage	1253	1254	0.476267522989682
Macrophage	1254	1255	1.17229817707574
Macrophage	1255	1256	0.314661191064044
Macrophage	1256	1257	1.02153748350689
Macrophage	1257	1258	0.394459688872098
Macrophage	1258	1259	0.678237946795839
Macrophage	1259	1260	0.904368748253764
Macrophage	1260	1261	0.369815363636673
Macrophage	1261	1262	0.641901258208691
Macrophage	1262	1263	0.358189991401591
Macrophage	1263	1264	1.13811846560002
Macrophage	1264	1265	0.459916427712335
Macrophage	1265	1266	0.75940749882662
Macrophage	1644	1645	2.70842361410132
Macrophage	1670	1671	0.340298521243641
Macrophage	1671	1672	0.683052302268629
Macrophage	1672	1673	0.901360131811791
Macrophage	1673	1674	1.01684039971715
Macrophage	1674	1675	2.14333763654196
Macrophage	1675	1676	1.41427884201516
Macrophage	1676	1677	0.671661790069151
Macrophage	1677	1678	1.36623469144535
Macrophage	1678	1679	1.4584385360871
Macrophage	1679	1680	0.454576773398313
Macrophage	1680	1681	0.56924356566665
Macrophage	1681	1682	0.350936900162518
Macrophage	1682	1683	0.500970365456431
Macrophage	1683	1684	0.307883337599238
Macrophage	1684	1685	0.352348626703906
Macrophage	1685	1686	0.287657074639088
Macrophage	1686	1687	0.417659333922004
Macrophage	1687	1688	0.365198857534015
Macrophage	1688	1689	1.12742086529988
Macrophage	1689	1690	0.484404608214047
Macrophage	1690	1691	0.494346835277748
Macrophage	1691	1692	0.761409358312052
Macrophage	1692	1693	0.320405493383085
Macrophage	1693	1694	0.378322415698584
Macrophage	1694	1695	0.414707223514115
Macrophage	1695	1696	0.401962709021539
Macrophage	1696	1697	0.465363249689233
Macrophage	1697	1698	0.453884112737203
Macrophage	1698	1699	0.89932298031648
Macrophage	1699	1700	0.65081083382408
Macrophage	1700	1701	0.93520984216892
Macrophage	1701	1702	0.461363408284251
Macrophage	1702	1703	0.807921197271874
Macrophage	1703	1704	0.534423479442507
Macrophage	1704	1705	1.28715592508959
Macrophage	1705	1706	0.827785046163622
Macrophage	1706	1707	0.519645219605385
Macrophage	1707	1708	0.647537580137244
Macrophage	1708	1709	0.431640801269395
Macrophage	1709	1710	0.957089626993839
Macrophage	1710	1711	0.634132941844264
Macrophage	1711	1712	0.783924909856976
Macrophage	1712	1713	0.626232139932324
Macrophage	1713	1714	0.467222981643492
Macrophage	1714	1715	0.509416273960835
Macrophage	1715	1716	0.953644604235202
Macrophage	1716	1717	1.01442534408231
Macrophage	1717	1718	0.513277590586544
Macrophage	1718	1719	0.606060055749923
Macrophage	1719	1720	0.594623068248079
Macrophage	1720	1721	0.327173306142923
Macrophage	1721	1722	0.601476032936875
Macrophage	1722	1723	0.519921532256287
Macrophage	1723	1724	0.635320212756372
Macrophage	1724	1725	0.829456705559539
Macrophage	1725	1726	0.604135055453854
Macrophage	1726	1727	1.4245693242708
Macrophage	1727	1728	1.02772037383065
Macrophage	1728	1729	0.632329604867158
Macrophage	1729	1730	1.24698953681699
Macrophage	1730	1731	0.894721626648453
Macrophage	2303	2304	0.349154361207998
Macrophage	2304	2305	0.523400967177392
Macrophage	2305	2306	0.333224194472352
Macrophage	2306	2307	1.37605120793555
Macrophage	2307	2308	1.64038214050221
Macrophage	2308	2309	0.609411522776706
Macrophage	2309	2310	0.657999338684275
Macrophage	2310	2311	0.804389069886107
Macrophage	2311	2312	1.16920351384642
Macrophage	2312	2313	0.410050416209439
Macrophage	2313	2314	0.442767296478417
Macrophage	2314	2315	0.778595942062453
Macrophage	2315	2316	0.745668048871985
Macrophage	2316	2317	0.5742144267489
Macrophage	2317	2318	1.03603328427208
Macrophage	2318	2319	0.544317629098963
Macrophage	2319	2320	0.482189748863574
Macrophage	2320	2321	0.573436083267159
Macrophage	2321	2322	0.812984298468182
Macrophage	2322	2323	0.501586171553693
Macrophage	2323	2324	0.868894943947378
Macrophage	2324	2325	1.11384100936993
Macrophage	2325	2326	0.601849083561455
Macrophage	2326	2327	0.602634043465753
Macrophage	2327	2328	0.547402503338385
Macrophage	2328	2329	0.516843885575193
Macrophage	2329	2330	0.458393105030178
Macrophage	2330	2331	0.795615981243286
Macrophage	2331	2332	0.713607066092452
Macrophage	2332	2333	1.29247127511372
Macrophage	2333	2334	1.77260258277583
Macrophage	2334	2335	0.822132802143781
Macrophage	2335	2336	0.759105148351743
Macrophage	2336	2337	0.530966118135294
Macrophage	2337	2338	0.433961948026625
Macrophage	2338	2339	0.961059721712912
Macrophage	2339	2340	0.885709609264255
Macrophage	2340	2341	0.65024101817365
Macrophage	2341	2342	1.34103493781678
Macrophage	2342	2343	2.04790677245562
Macrophage	2343	2344	0.456964988736069
Macrophage	2344	2345	0.775043256765516
Macrophage	2345	2346	0.579171808870151
Macrophage	2740	2741	0.30131112662272
Macrophage	2741	2742	0.559658648445898
Macrophage	2742	2743	0.507277642920623
Macrophage	2743	2744	0.317420757421877
Macrophage	2744	2745	0.474104755613737
Macrophage	2745	2746	0.600731358781985
Macrophage	2746	2747	0.4085893232974
Macrophage	2747	2748	0.367096806616083
Macrophage	2748	2749	0.516107515963722
Macrophage	2749	2750	0.688677344461325
Macrophage	2750	2751	0.883372240823902
Macrophage	2751	2752	0.248725641553485
Macrophage	2752	2753	0.486278291203127
Macrophage	2753	2754	0.656432372047954
Macrophage	2754	2755	0.708702140115139
Macrophage	2755	2756	0.872852076462728
Macrophage	2756	2757	0.347402210165807
Macrophage	2757	2758	0.488799649205637
Macrophage	2758	2759	0.64037007316299
Macrophage	2759	2760	0.297499974240075
Macrophage	2760	2761	0.755915667795534
Macrophage	2761	2762	0.349240589317143
Macrophage	2762	2763	0.90612271031732
Macrophage	2763	2764	0.74962013920446
Macrophage	2764	2765	0.762201009536686
Macrophage	2765	2766	0.566527295340387
Macrophage	2766	2767	0.509230727096175
Macrophage	3392	3393	0.948123080586766
Macrophage	3393	3394	0.361092414422184
Macrophage	3394	3395	0.530994980846181
Macrophage	3395	3396	1.21232039262598
Macrophage	3396	3397	1.8631730642471
Macrophage	3397	3398	1.13445619211258
Macrophage	3398	3399	1.70981887839862
Macrophage	3399	3400	1.62008231581562
Macrophage	3400	3401	1.76027861402112
Macrophage	3401	3402	1.99294852323313
Macrophage	3402	3403	1.17833490082933
Macrophage	3403	3404	2.0256916578244
Macrophage	3404	3405	1.62771214843233
Macrophage	3405	3406	2.25273744943301
Macrophage	3406	3407	3.14176241712956
Macrophage	3407	3408	1.47213306647193
Macrophage	3408	3409	5.06107235668793
Macrophage	3409	3410	1.45314426530886
Macrophage	3410	3411	1.43924329833117
Macrophage	3411	3412	1.09968009442894
Macrophage	3412	3413	2.25177659285813
Macrophage	3413	3414	1.9211584133769
Macrophage	3414	3415	1.82983567764063
Macrophage	3415	3416	1.05395803230769
Macrophage	3416	3417	0.350849823884124
Macrophage	3417	3418	0.883788664672903
Macrophage	3418	3419	1.53442966180532
Macrophage	3419	3420	0.474815793960792
Macrophage	3420	3421	0.580346989936255
Macrophage	3421	3422	1.30620958768073
Macrophage	3422	3423	1.01610895224401
Macrophage	3423	3424	1.85737034030775
Macrophage	3424	3425	0.884149903479839
Macrophage	3425	3426	1.24162561788252
Macrophage	3426	3427	1.72848797663268
Macrophage	3427	3428	1.57696549954871
Macrophage	3428	3429	0.692098831613371
Macrophage	3429	3430	1.14698627085767
Macrophage	3430	3431	0.849130621495873
Macrophage	3431	3432	1.10776197575024
Macrophage	3432	3433	0.661928155298147
Macrophage	3433	3434	0.676189362636736
Macrophage	3434	3435	0.482142344220263
Macrophage	3435	3436	0.559273146164039
Macrophage	3436	3437	1.68106367404288
Macrophage	3437	3438	0.437725098613343
Macrophage	3438	3439	0.763422308994504
Macrophage	3439	3440	0.299574057568166
Macrophage	3440	3441	0.422294996032025
Macrophage	3441	3442	0.510718979849925
Macrophage	3442	3443	0.611680008797909
Macrophage	3443	3444	0.778532201382769
Macrophage	3444	3445	0.767977018044949
Macrophage	3445	3446	0.41934763328274
Macrophage	3446	3447	0.566890126510681
Macrophage	3447	3448	0.539264494266714
Macrophage	3448	3449	0.452984769785025
Macrophage	3449	3450	1.51219837482584
Macrophage	3450	3451	0.617487189154794
Macrophage	3451	3452	0.429513265532076
Macrophage	3452	3453	0.49402283693845
Macrophage	3453	3454	0.674862290663013
Macrophage	3454	3455	0.627816358679508
Macrophage	3455	3456	2.46420497618014
Macrophage	3456	3457	1.62084140322864
Macrophage	3457	3458	1.73224424421223
Macrophage	3458	3459	1.42938153472975
Macrophage	3459	3460	1.72047038548075
Macrophage	3460	3461	1.38884979279988
Macrophage	3461	3462	0.986700275495036
Macrophage	3462	3463	2.56062184109766
Macrophage	3463	3464	0.930347769916587
Macrophage	3464	3465	3.55167871576563
Macrophage	3465	3466	1.86984172334147
Macrophage	3466	3467	2.26285450926966
Macrophage	3467	3468	0.641517752511125
Macrophage	3468	3469	1.07990181218174
Macrophage	3469	3470	0.524130682063028
Macrophage	3470	3471	0.787498587519971
Macrophage	3471	3472	2.20221790023905
Macrophage	3472	3473	1.90253727797734
Macrophage	3473	3474	0.9673850177151
Macrophage	3474	3475	0.743375491552729
Macrophage	3475	3476	1.30415213556407
Macrophage	3476	3477	1.39925809059039
Macrophage	3477	3478	0.861172707523637
Macrophage	3478	3479	1.46008641062184
Macrophage	3479	3480	2.19669142170879
Macrophage	3480	3481	1.86886767329157
Macrophage	3481	3482	1.79817708103064
Macrophage	3482	3483	2.20778277853741
Macrophage	3483	3484	1.32384962001882
Macrophage	3484	3485	1.74832268440137
Macrophage	3485	3486	1.87440447975395
Macrophage	3486	3487	2.41473068726223
Macrophage	3487	3488	1.53051695045905
Macrophage	3488	3489	0.450164044250481
Macrophage	3489	3490	2.14801967072299
Macrophage	3490	3491	1.25995207206784
Macrophage	3491	3492	0.978621087099603
Macrophage	3492	3493	0.731150855444003
Macrophage	3493	3494	0.591832897673682
Macrophage	3494	3495	0.867130640057247
Macrophage	3495	3496	0.700834857507347
Macrophage	3496	3497	1.20736680372182
Macrophage	3497	3498	0.843355474689675
Macrophage	3498	3499	0.865453613795794
Macrophage	3499	3500	0.702219031540221
Macrophage	3500	3501	0.706874337147472
Macrophage	3501	3502	0.968093367459482
Macrophage	3502	3503	0.986700275495036
Macrophage	3503	3504	0.568279882014342
Macrophage	3504	3505	0.395328569073712
Macrophage	3505	3506	1.48659676429342
Macrophage	3506	3507	0.967283916001554
Macrophage	3507	3508	0.322343101350899
Macrophage	3508	3509	0.496601849064837
Macrophage	3509	3510	0.675714787028448
Macrophage	3510	3511	0.397782193324419
Macrophage	3511	3512	0.819283897221553
Macrophage	3512	3513	1.38093712211838
Macrophage	3513	3514	0.675951988386766
Macrophage	3514	3515	0.407828997050009
Macrophage	3515	3516	0.574960963162719
Macrophage	3516	3517	1.18467753808702
Macrophage	3517	3518	1.57105085207692
Macrophage	3518	3519	1.94711110996827
Macrophage	3519	3520	2.46670949076592
Macrophage	3520	3521	0.816244468087592
Macrophage	3521	3522	1.97590015670356
Macrophage	3522	3523	0.960163364287883
Macrophage	3523	3524	1.49640445299435
Macrophage	3524	3525	1.05719532630554
Macrophage	3525	3526	2.95245615069149
Macrophage	3526	3527	1.97670334482511
Macrophage	3527	3528	1.49091475436556
Macrophage	3528	3529	1.26421929412496
Macrophage	3529	3530	2.25260140988395
Macrophage	3530	3531	1.01875882853953
Macrophage	3531	3532	0.963659343840292
Macrophage	3532	3533	0.716594852954989
Macrophage	3533	3534	1.31800966172393
Macrophage	3534	3535	0.771336867145471
Macrophage	3535	3536	1.57696549954871
Macrophage	3536	3537	1.32587712930109
Macrophage	4433	4434	0.562145322935071
Macrophage	4434	4435	0.454156722600267
Macrophage	4443	4444	1.19614343445756
Macrophage	4444	4445	1.40790237876633
Macrophage	4445	4446	1.61240450043028
Macrophage	4446	4447	0.871151482545748
Macrophage	4447	4448	1.60061660475984
Macrophage	4448	4449	1.95765872924939
Macrophage	4449	4450	2.71060503798539
Macrophage	4450	4451	0.795349231927209
Macrophage	4451	4452	0.829347466855935
Macrophage	4452	4453	2.33802864853765
Macrophage	4453	4454	0.685486201536781
Macrophage	4454	4455	1.66558716026007
Macrophage	4455	4456	0.611602825892117
Macrophage	4456	4457	1.91271532658872
Macrophage	4457	4458	1.3865944361409
Macrophage	4458	4459	2.6650719917609
DC	0	1	0.497332943721516
DC	1	2	0.522841060510402
DC	2	3	0.560399053980113
DC	3	4	0.683586218664279
DC	61	62	0.559722951842721
DC	62	63	0.315813490103927
DC	63	64	1.44441962555332
DC	64	65	0.553052834348002
DC	65	66	2.82591929732551
DC	66	67	0.623971745163515
DC	67	68	0.631133255056278
DC	68	69	1.68147883452566
DC	69	70	0.425119526412774
DC	70	71	0.3602508136844
DC	71	72	0.353708654594839
DC	72	73	0.525455077190303
DC	73	74	0.523457025306547
DC	74	75	1.02006104962903
DC	75	76	0.640518606835666
DC	76	77	1.42046879941898
DC	77	78	1.38104863107141
DC	78	79	0.276173305946544
DC	79	80	0.493425823112147
DC	80	81	0.370230822786547
DC	81	82	0.368039582332901
DC	82	83	1.07065868214646
DC	529	530	0.330534203525611
DC	530	531	0.434000210862652
DC	531	532	1.38704483019826
DC	532	533	1.30403478960105
DC	533	534	0.411865942763582
DC	534	535	0.475436858073327
DC	602	603	1.58641730403234
DC	603	604	0.52153008943769
DC	604	605	0.531515059332545
DC	605	606	0.660658413853436
DC	606	607	0.902099400758166
DC	607	608	0.39575653081415
Mast	0	1	2.31327456881637
Mast	1	2	0.533489246411862
Mast	2	3	1.08480536322201
Mast	175	176	1.1147351145429
Mast	176	177	0.754003494557806
Mast	177	178	1.07900381727973
Mast	549	550	1.73724132094828
EC	2	3	0.484907611694299
EC	3	4	1.41785567222269
EC	4	5	1.75945696840508
EC	5	6	1.19049913699774
EC	6	7	1.20169872665598
EC	7	8	1.52178185937186
EC	8	9	0.377628459029015
EC	9	10	0.283348797993443
EC	10	11	1.95922753715815
EC	11	12	0.827676272123092
EC	156	157	0.434344885020769
EC	157	158	1.15825132142965
EC	158	159	0.518735514394627
EC	159	160	0.531486138731508
EC	160	161	0.519617604854357
EC	161	162	0.524215013872384
EC	162	163	0.708649780561148
EC	163	164	0.652923754098633
EC	308	309	0.700706980415841
EC	309	310	0.903822120248189
EC	310	311	2.08429833463184
EC	311	312	1.05756318071938
EC	312	313	1.64264789273829
EC	313	314	0.707552088169138
EC	314	315	0.656387715137035
EC	315	316	0.298223948355284
EC	316	317	0.504285610456216
EC	317	318	0.505287634928627
EC	318	319	0.365549831942459
EC	319	320	2.07958738868658
EC	320	321	0.300399142689178
EC	321	322	0.377181646097094
EC	598	599	0.334631034091659
EC	599	600	0.466712266466264
EC	600	601	0.646043295280066
EC	601	602	1.40650477256798
EC	602	603	1.84492899918773
EC	603	604	1.26760164690031
EC	820	821	1.40930321104762
EC	821	822	0.692847315496976
EC	955	956	0.785869952415303
EC	956	957	0.73182208805007
EC	957	958	1.88210412345455
EC	958	959	1.06041738716687
EC	959	960	1.57807091002291
EC	960	961	1.03832589949435
EC	961	962	0.652879590064783
EC	962	963	1.78518272002077
EC	963	964	1.46942158697003
EC	964	965	0.654784246255855
EC	965	966	0.896221208920988
EC	966	967	1.62002812819669
EC	967	968	1.32344496754583
EC	968	969	1.26121975459552
EC	969	970	2.29978702671034
EC	970	971	1.13682291718166
EC	971	972	0.65367549025534
EC	972	973	0.74973790696637
EC	973	974	0.589319655692449
EC	1191	1192	1.20164451456635
EC	1192	1193	0.342783830343036
EC	1193	1194	0.482308302052172
EC	1194	1195	0.574926986426654
EC	1195	1196	1.60338549290705
EC	1196	1197	0.736330081668857
EC	1197	1198	1.15110820303951
EC	1198	1199	0.707708684500187
EC	1199	1200	0.867771324083657
EC	1200	1201	0.511412979613718
EC	1386	1387	0.403656654340574
EC	1387	1388	0.851510408502765
EC	1511	1512	0.406333656684563
EC	1512	1513	1.40925646452997
EC	1513	1514	1.78453426101644
EC	1514	1515	0.557832352053514
EC	1539	1540	0.525045757524126
EC	1714	1715	0.337791725080682
EC	1715	1716	0.547064789159224
EC	1716	1717	0.814838870475036
EC	1717	1718	1.25931930894744
EC	1718	1719	0.525144499089197
EC	1719	1720	1.42685041334806
EC	1720	1721	1.75918329879344
EC	1960	1961	0.454114760943849
EC	2025	2026	4.44138713370208
EC	2026	2027	2.8869029360784
EC	2027	2028	2.78628821373635
EC	2028	2029	0.448787514066292
EC	2029	2030	2.58210435582863
EC	2030	2031	0.295797949729035
EC	2031	2032	2.78628821373635
EC	2032	2033	1.4100048408923
EC	2033	2034	2.98196756108314
EC	2034	2035	0.351997750012094
EC	2035	2036	3.37856355483282
EC	2036	2037	1.8228403481643
EC	2037	2038	2.2043674648486
EC	2038	2039	3.03379238242863
EC	2039	2040	4.46970475576711
EC	2040	2041	2.24407669582386
EC	2041	2042	2.80068714681371
EC	2042	2043	3.03693514791126
EC	2043	2044	0.32293110542257
EC	2044	2045	2.97841908235231
EC	2045	2046	2.89962778695522
EC	2046	2047	4.54288498963347
EC	2047	2048	2.33911673496303
EC	2048	2049	2.47099670234069
EC	2049	2050	3.69617107662321
EC	2050	2051	4.07799630985936
EC	2051	2052	2.51894771481597
Fb	0	1	0.856955999511894
Fb	1	2	0.320136514859853
Fb	2	3	0.474494411016006
Fb	3	4	0.486013159197363
Fb	4	5	0.416177968327477
Fb	5	6	0.480136391136359
Fb	6	7	0.721288693694072
Fb	7	8	0.408200353342457
Fb	8	9	1.64031770038871
Fb	9	10	0.521641399664049
Fb	10	11	1.00885672944324
Fb	11	12	0.469367008556532
Fb	12	13	0.451590668941943
Fb	13	14	1.6907966849582
Fb	14	15	0.568645022548575
Fb	432	433	2.54510072397842
Fb	433	434	3.71343270407905
Fb	434	435	3.47854948119227
Fb	435	436	3.47299908355745
Fb	436	437	3.99185961206416
Fb	437	438	0.471214296802218
Fb	438	439	0.412003625516399
Fb	439	440	0.590932783116904
Fb	440	441	0.415949661327797
Fb	441	442	1.6430683116057
Fb	442	443	2.0261361509117
Fb	472	473	0.675572549120116
Fb	473	474	0.535566614814136
Fb	474	475	0.549035679892158
Fb	475	476	0.69525381724213
Fb	476	477	0.642755193128408
Fb	477	478	3.06024191257392
Fb	478	479	1.88931305995646
Fb	479	480	0.755795859475524
Fb	480	481	3.57795932955862
Fb	481	482	0.442051115863214
Fb	482	483	2.22324230506417
Fb	820	821	2.8490007120481
Fb	861	862	1.59453410607517
Fb	862	863	4.24703185460973
Fb	863	864	1.5108213015323
Fb	864	865	2.48077343005576
Fb	865	866	2.57423016653601
Fb	866	867	2.39208910773448
Fb	867	868	1.70790527745134
Fb	868	869	1.38244424889734
Fb	869	870	3.25037304099994
Fb	870	871	2.90845237288129
Fb	871	872	3.49268825126641
Fb	872	873	0.61150637549486
Fb	873	874	1.83134352264869
Fb	874	875	0.748034054811639
Fb	875	876	3.51011867922857
Fb	876	877	2.76550079843447
Fb	877	878	1.39779290583073
Fb	878	879	0.333774250537719
Fb	879	880	1.29928298413026
Fb	880	881	0.468717224568912
Fb	881	882	1.32621573750327
Fb	882	883	3.32780587568415
Fb	883	884	0.923887505746222
Fb	884	885	0.730704080836719
Fb	885	886	0.633343971854857
Fb	886	887	0.884080410071566
Fb	1009	1010	1.40860239086312
Fb	1010	1011	1.37323779581746
Fb	1020	1021	0.961658294302799
Fb	1021	1022	1.87246882595673
Fb	1022	1023	0.886715374621879
Fb	1023	1024	0.797354451904229
Fb	1024	1025	0.956892047781121
Fb	1025	1026	1.1636735705445
Fb	1026	1027	1.36775958647518
Fb	1145	1146	0.202222030287416
Fb	1436	1437	0.864418901167315
Fb	1437	1438	0.925631492455476
Fb	1438	1439	0.375447823780635
Fb	1439	1440	0.776498269019165
Fb	1440	1441	0.384836042245398
Fb	1441	1442	0.623489564472754
Fb	1442	1443	0.818716614696126
Fb	1443	1444	0.912497587831255
Fb	1803	1804	0.625968905660296
Fb	1804	1805	0.640752160891737
Fb	1805	1806	0.859520019880326
Fb	1885	1886	0.621169825238161
Fb	1886	1887	0.478147375859848
Fb	1887	1888	1.01118745854386
Fb	1888	1889	1.03281875940134
Fb	1889	1890	0.57445174493733
Fb	1890	1891	0.414759568537134
Fb	1891	1892	0.612491643603575
Fb	1892	1893	0.621568508569431
Fb	1893	1894	0.889156045551194
Fb	2420	2421	0.933427014117142
Tumor	2	3	0.970103048689966
Tumor	3	4	0.247051852552275
Tumor	4	5	0.231442354128905
Tumor	5	6	0.288015795131334
Tumor	6	7	2.89477423607122
Tumor	7	8	0.570494695773264
Tumor	8	9	0.97900998385595
Tumor	9	10	3.17788955930035
Tumor	10	11	1.57059807911784
Tumor	11	12	3.48570915341432
Tumor	12	13	2.99811039595896
Tumor	13	14	2.06582408852915
Tumor	14	15	4.15473789791443
Tumor	15	16	2.57199359828721
Tumor	16	17	5.14649315054587
Tumor	167	168	1.51556170281892
Tumor	168	169	1.93908418398491
Tumor	169	170	0.755197413890103
Tumor	170	171	2.30029594587764
Tumor	171	172	1.31620919023433
Tumor	172	173	0.960727527633892
Tumor	173	174	0.388774762594322
Tumor	174	175	3.96595548634473
Tumor	175	176	3.3799326931674
Tumor	176	177	0.801261547367345
Tumor	207	208	0.314073295854173
Tumor	208	209	0.675406683414217
Tumor	209	210	2.3285985829744
Tumor	210	211	1.69663046471726
Tumor	211	212	1.39795674245062
Tumor	212	213	2.28489369516351
Tumor	213	214	0.307625588310108
Tumor	214	215	2.14329674457948
Tumor	215	216	0.770275815500652
Tumor	216	217	0.789659283585887
Tumor	217	218	0.349820665555622
Tumor	218	219	1.15678495661602
Tumor	219	220	0.421680507843787
Tumor	220	221	0.552394776598554
Tumor	221	222	2.35364026379433
Tumor	222	223	0.380845111156298
Tumor	223	224	2.11429326185322
Tumor	224	225	1.34424003685314
Tumor	225	226	0.344058213878975
Tumor	226	227	1.17199045485147
Tumor	227	228	0.729422773366094
Tumor	228	229	0.656052988772108
Tumor	229	230	1.63421101763932
Tumor	230	231	2.0690406251225
Tumor	231	232	0.189569434705863
Tumor	232	233	0.651337735762539
Tumor	233	234	2.03862302633411
Tumor	234	235	0.472120797552739
Tumor	235	236	1.92990387135255
Tumor	236	237	2.97252243242205
Tumor	237	238	0.717005926167722
Tumor	238	239	0.649366392350036
Tumor	239	240	2.62521998942571
Tumor	240	241	1.16854091338151
Tumor	241	242	0.304034283447682
Tumor	242	243	1.89725356838487
Tumor	243	244	0.920541716855017
Tumor	244	245	3.22483869197406
Tumor	245	246	2.14737932352291
Tumor	246	247	0.248576489819389
Tumor	247	248	0.449752241571542
Tumor	248	249	0.333280238800848
Tumor	249	250	0.91671093778123
Tumor	250	251	1.84463001486961
Tumor	251	252	0.327508454099427
Tumor	252	253	0.608799326319972
Tumor	253	254	1.64898177957307
Tumor	254	255	4.59056414763708
Tumor	255	256	0.516434526400623
Tumor	256	257	0.328768726380277
Tumor	257	258	0.302578865792376
Tumor	258	259	1.16854091338151
Tumor	259	260	0.91053956504695
Tumor	260	261	1.5561360753833
Tumor	261	262	0.766370235148754
Tumor	262	263	0.923338233178455
Tumor	263	264	0.249074362910892
Tumor	264	265	1.02679926404938
Tumor	265	266	1.53650232267859
Tumor	266	267	1.56238202998592
Tumor	267	268	0.59869326165203
Tumor	268	269	0.602045126008409
Tumor	269	270	2.47480747135108
Tumor	270	271	0.383015587028418
Tumor	271	272	0.91383777063941
Tumor	272	273	0.626272657802246
Tumor	273	274	0.240489918478729
Tumor	274	275	0.590143009375886
Tumor	275	276	0.417924990034388
Tumor	276	277	0.343033190573257
Tumor	277	278	2.57872086011922
Tumor	278	279	0.28279220731546
Tumor	279	280	1.79217625746399
Tumor	280	281	2.12585672122586
Tumor	281	282	1.82501912224963
Tumor	282	283	0.406719026767758
Tumor	283	284	0.579897077626956
Tumor	284	285	3.71404047455558
Tumor	285	286	1.25240594039346
Tumor	286	287	0.709173738993702
Tumor	287	288	0.742797433518383
Tumor	288	289	1.9945923276947
Tumor	289	290	1.2959954953709
Tumor	290	291	0.396471890115633
Tumor	291	292	1.59812132726593
Tumor	292	293	1.99217351611146
Tumor	991	992	0.983671446421841
Tumor	992	993	0.298143331541307
Tumor	993	994	0.230211447737504
Tumor	994	995	1.61857307882667
Tumor	995	996	2.07792411281372
Tumor	996	997	1.26099964403172
Tumor	997	998	0.479635603830361
Tumor	998	999	4.21717384933127
Tumor	999	1000	1.2777259874783
Tumor	1000	1001	2.77893388479087
Tumor	1001	1002	0.911717752182017
Tumor	1002	1003	0.479315346037162
Tumor	1003	1004	0.606211570904024
Tumor	1004	1005	1.15241539574071
Tumor	1005	1006	0.359060967209383
Tumor	1006	1007	2.52255399682177
Tumor	1007	1008	0.262470461527779
Tumor	1008	1009	1.45860734832821
Tumor	1009	1010	1.03135315608885
Tumor	1010	1011	1.86944730900062
Tumor	1011	1012	1.53585186947296
Tumor	1012	1013	1.17209300896496
Tumor	1013	1014	0.892035811501002
Tumor	1014	1015	0.903843971828615
Tumor	1015	1016	0.275186691207929
Tumor	1016	1017	0.480265673213679
Tumor	1017	1018	0.49138476749199
Tumor	1018	1019	2.55326024295174
Tumor	1019	1020	0.484955572338762
Tumor	1020	1021	1.11892860507155
Tumor	1021	1022	0.263912631505288
Tumor	1022	1023	3.41061185427574
Tumor	1023	1024	0.345522975150417
Tumor	1024	1025	2.09109173753075
Tumor	1025	1026	2.1648733890408
Tumor	1026	1027	1.7168080526082
Tumor	1027	1028	3.39412316316198
Tumor	1028	1029	0.483998193451646
Tumor	1029	1030	0.374027037026582
Tumor	1030	1031	1.20330044655965
Tumor	1031	1032	0.903378049195648
Tumor	1032	1033	2.61829420931164
Tumor	1033	1034	3.19095260986049
Tumor	1034	1035	0.628460528812896
Tumor	1035	1036	2.47813521599403
Tumor	1036	1037	2.62395434075752
Tumor	1037	1038	4.16315290588125
Tumor	1038	1039	1.27054347247737
Tumor	1039	1040	0.899431092111247
Tumor	1040	1041	4.02366643969259
Tumor	1041	1042	0.430169956824299
Tumor	1042	1043	0.806374022276475
Tumor	1043	1044	1.2417656476285
Tumor	1044	1045	1.19638494319278
Tumor	1045	1046	0.882893869357942
Tumor	1046	1047	1.63984922995875
Tumor	1047	1048	3.28605705705073
Tumor	1048	1049	0.484308918623351
Tumor	1049	1050	2.0526497953341
Tumor	1050	1051	2.68825400963539
Tumor	1051	1052	0.515346135177309
Tumor	1052	1053	1.18242413960481
Tumor	1053	1054	0.578379603233484
Tumor	1054	1055	1.00874603265778
Tumor	1055	1056	2.66360985920622
Tumor	1056	1057	1.1011520574441
Tumor	1057	1058	3.00379699748723
Tumor	1058	1059	0.392070630421008
Tumor	1059	1060	1.60136262923229
Tumor	1060	1061	0.81652620172045
Tumor	1061	1062	1.2093427946014
Tumor	1062	1063	0.243502849624097
Tumor	1063	1064	2.15149086191951
Tumor	1064	1065	2.16171550950101
Tumor	1065	1066	3.18496446916949
Tumor	1066	1067	2.53961290474224
Tumor	1067	1068	1.88199625529105
Tumor	1068	1069	0.581596654633383
Tumor	1069	1070	3.23245435554547
Tumor	1070	1071	0.377224839295506
Tumor	1071	1072	2.20821734380165
Tumor	1072	1073	1.05367807933543
Tumor	1073	1074	1.62743815519806
Tumor	1074	1075	1.90229471424047
Tumor	1075	1076	1.21870264895192
Tumor	1076	1077	1.94920568822636
Tumor	1077	1078	1.13792032333262
Tumor	1078	1079	0.886275053203031
Tumor	1079	1080	0.359988626063126
Tumor	1080	1081	1.23541851269685
Tumor	1081	1082	0.325936037509971
Tumor	1082	1083	1.14636347576564
Tumor	1083	1084	1.33977922547387
Tumor	1084	1085	2.88997895524423
Tumor	1085	1086	2.67962166698263
Tumor	1086	1087	0.309236465938526
Tumor	1087	1088	0.760943294305791
Tumor	1088	1089	1.13939320149316
Tumor	1089	1090	0.296655367668058
Tumor	1090	1091	2.51260605485951
Tumor	1091	1092	2.04392857768109
Tumor	1092	1093	1.36207213044765
Tumor	1093	1094	1.61444868320472
Tumor	1094	1095	0.242257947337525
Tumor	1095	1096	0.750976810444783
Tumor	1096	1097	2.43514738890214
Tumor	1097	1098	0.388728850328614
Tumor	1098	1099	0.951687957814102
Tumor	1099	1100	1.18452001371949
Tumor	1100	1101	1.05756318071938
Tumor	1101	1102	0.259443488385969
Tumor	1102	1103	1.66131124334609
Tumor	1103	1104	0.454261661257883
Tumor	1104	1105	1.49699642752464
Tumor	1105	1106	0.351447796532545
Tumor	1106	1107	2.54821616493256
Tumor	1107	1108	1.01256174837036
Tumor	1108	1109	0.349524213410067
Tumor	1109	1110	1.78990291024201
Tumor	1110	1111	0.452068256173066
Tumor	1111	1112	3.3968180318806
Tumor	1112	1113	1.12236442903169
Tumor	1113	1114	0.30941971951013
Tumor	1580	1581	2.91682528434438
Tumor	1583	1584	3.17568842162241
Tumor	1584	1585	2.3997154407563
Tumor	1585	1586	2.0896582942802
Tumor	1586	1587	0.91881061962462
Tumor	1587	1588	1.11226299394876
Tumor	1588	1589	0.612085548792563
Tumor	1589	1590	0.294324688766666
Tumor	1590	1591	0.888565608903622
Tumor	1591	1592	1.40948503727279
Tumor	1592	1593	0.64290487337853
Tumor	1593	1594	0.777640981042244
Tumor	1594	1595	1.01038703777865
Tumor	1595	1596	0.789790635609861
Tumor	1596	1597	3.02753929531507
Tumor	1597	1598	2.05447253035063
Tumor	1598	1599	3.78615508355824
Tumor	1599	1600	0.329150905086339
Tumor	1600	1601	1.81118739678147
Tumor	1601	1602	2.22766170952208
Tumor	1602	1603	2.58876919935708
Tumor	1603	1604	0.906650316091981
Tumor	1604	1605	2.09352065940775
Tumor	1605	1606	1.59935466072997
Tumor	1606	1607	0.349055867449451
Tumor	1607	1608	1.14735297107369
Tumor	1608	1609	1.55509256341837
Tumor	1609	1610	0.676450674235246
Tumor	1610	1611	1.91566239404977
Tumor	1611	1612	1.47548045012242
Tumor	1612	1613	1.71118012789387
Tumor	1613	1614	2.09902308259877
Tumor	1614	1615	0.360382052312236
Tumor	1615	1616	1.97563261671343
Tumor	1616	1617	2.74838677957562
Tumor	1617	1618	1.42432970322028
Tumor	1618	1619	2.37106003102387
Tumor	1619	1620	1.86347016474601
Tumor	1620	1621	1.07755338304707
Tumor	1621	1622	1.78512374481266
Tumor	1622	1623	2.41720799370422
Tumor	1623	1624	2.19021538894299
Tumor	1624	1625	2.81680118902279
Tumor	1625	1626	1.77351287885267
Tumor	1626	1627	0.974211095169248
Tumor	1627	1628	1.53850984329308
Tumor	1628	1629	0.67671219553059
Tumor	1629	1630	3.75510849503699
Tumor	1630	1631	0.270490569619783
Tumor	1631	1632	2.60662475871261
Tumor	1632	1633	2.25402535515572
Tumor	1633	1634	1.35374862108525
Tumor	1634	1635	1.85906058652676
Tumor	1635	1636	1.74383018970019
Tumor	1636	1637	1.11642446443221
Tumor	1637	1638	2.54994312838816
Tumor	1638	1639	1.55105341647244
Tumor	1639	1640	1.35545523471955
Tumor	1640	1641	0.264172091594396
Tumor	1641	1642	0.498725554199535
Tumor	1642	1643	2.01066810647351
Tumor	1643	1644	1.59019896848773
Tumor	1644	1645	0.264151035175587
Tumor	1645	1646	2.89977338466016
Tumor	1646	1647	3.3331692955853
Tumor	1647	1648	2.98888264810801
Tumor	1648	1649	3.19718422073629
Tumor	1649	1650	2.82870714041151
Tumor	1650	1651	2.86854049623893
Tumor	1651	1652	0.877503754371417
Tumor	1652	1653	2.54092053314858
Tumor	1653	1654	4.60854197854491
Tumor	1654	1655	2.89719772296656
Tumor	1655	1656	3.95338511043112
Tumor	1656	1657	3.70126327217546
Tumor	1657	1658	4.0984191011097
Tumor	1658	1659	3.04261966862113
Tumor	1659	1660	1.01319453751376
Tumor	1660	1661	0.870263501828717
Tumor	1661	1662	1.2620180591002
Tumor	1662	1663	2.12780896223697
Tumor	1663	1664	2.25164977247823
Tumor	1664	1665	1.82983567764063
Tumor	1665	1666	1.34549899220371
Tumor	1666	1667	2.75128570305625
Tumor	1667	1668	2.97665005709066
Tumor	1668	1669	3.04166977568337
Tumor	1669	1670	2.77071571176526
Tumor	1670	1671	1.39772738363091
Tumor	1671	1672	2.31821325043082
Tumor	1672	1673	5.19849703126583
Tumor	1673	1674	4.44190184831735
Tumor	1674	1675	4.42700707269807
Tumor	1675	1676	2.17451066708269
Tumor	1676	1677	1.23948584135309
Tumor	2066	2067	4.84929538063465
Tumor	2067	2068	0.308084110433826
Tumor	2068	2069	5.95139150081842
Tumor	2069	2070	5.68960172901688
Tumor	2070	2071	0.918896631827102
Tumor	2071	2072	4.31115462471446
Tumor	2072	2073	0.944426689591612
Tumor	2073	2074	4.34474971044411
Tumor	2074	2075	5.17990093694471
Tumor	2075	2076	0.524890668921774
Tumor	2076	2077	0.704849171127834
Tumor	2077	2078	3.43640968628998
Tumor	2078	2079	1.96192455001233
Tumor	2079	2080	1.65034071177037
Tumor	2080	2081	1.1209687268748
Tumor	2081	2082	1.105594057093
Tumor	2082	2083	5.95599724106505
Tumor	2083	2084	4.0517358186181
Tumor	2084	2085	3.07996562137298
Tumor	2085	2086	0.522505704155364
Tumor	2086	2087	1.04535422920161
Tumor	2087	2088	3.78991401732089
Tumor	2088	2089	2.99179833952829
Tumor	2089	2090	0.313081905306195
Tumor	2090	2091	0.813694747437843
Tumor	2091	2092	0.653041555102716
Tumor	2092	2093	4.98920994129591
Tumor	2093	2094	4.75634972846868
Tumor	2094	2095	1.01168841988243
Tumor	2095	2096	2.34670806730472
Tumor	2096	2097	5.88093194910298
Tumor	2097	2098	7.17927969258659
Tumor	2098	2099	4.86504266074178
Tumor	2099	2100	4.48535808653486
Tumor	2100	2101	5.87421214169464
Tumor	2101	2102	5.27623809357428
Tumor	2102	2103	6.3956436247262
Tumor	2103	2104	3.36379144592452
Tumor	2104	2105	3.80915907828575
Tumor	2105	2106	4.57524313068016
Tumor	2106	2107	5.66681145021148
Tumor	2107	2108	7.72242639742633
Tumor	2108	2109	6.88196598386325
Tumor	2109	2110	1.51519225458257
Tumor	2110	2111	0.883372240823902
Tumor	2111	2112	3.33239588028784
Tumor	2112	2113	4.97153917011012
Tumor	2113	2114	5.02954721626225
Tumor	2114	2115	3.78596886915806
Tumor	2115	2116	6.12447178071597
Tumor	2116	2117	7.20052498169462
Tumor	2117	2118	5.51015693970607
Tumor	2118	2119	4.71642699502669
Tumor	2119	2120	6.85396264967834
Tumor	2120	2121	3.57168054404147
Tumor	2121	2122	4.19027046767854
Tumor	2122	2123	0.544956101561838
Tumor	2123	2124	4.90766512196567
Tumor	2124	2125	4.65548939155717
Tumor	2125	2126	7.4482661060709
Tumor	2126	2127	5.17486304028606
Tumor	2127	2128	4.81446184941218
Tumor	2128	2129	3.37005161827792
Tumor	2129	2130	5.88972342772441
Tumor	2130	2131	6.07562875322728
Tumor	2131	2132	6.89086863360495
Tumor	2132	2133	5.56304569831041
Tumor	2133	2134	0.586421047213533
Tumor	2134	2135	5.06186349469551
Tumor	2135	2136	4.91083250392573
Tumor	2136	2137	2.28718803488755
Tumor	2137	2138	5.85111864223373
Tumor	2138	2139	1.5157927163557
Tumor	2139	2140	6.67645664808259
Tumor	2140	2141	2.64591602139311
Tumor	2141	2142	1.92434229475788
Tumor	2142	2143	5.48906108563144
Tumor	2143	2144	6.25076173691303
Tumor	2144	2145	6.39199281863428
Tumor	2145	2146	1.84443981612212
Tumor	2146	2147	6.78332150331022
Tumor	2147	2148	5.28498631705579
Tumor	2148	2149	5.51414444686166
Tumor	2149	2150	4.70303510615086
Tumor	2150	2151	6.5529724480096
Tumor	2151	2152	1.58144945225496
Tumor	2152	2153	5.23175600192998
Tumor	2153	2154	5.97461792079415
Tumor	2154	2155	4.51172640931373
Tumor	2155	2156	3.24132439140826
Tumor	2156	2157	6.31260569992331
Tumor	2157	2158	5.61874507171697
Tumor	2158	2159	0.972264818174942
Tumor	2159	2160	2.54538383334394
Tumor	2160	2161	4.46861123459276
Tumor	2161	2162	2.88116376274183
Tumor	2162	2163	5.15626637447221
Tumor	2163	2164	3.69171116463307
Tumor	2164	2165	4.94931166019381
Tumor	2165	2166	6.27858205892732
Tumor	2166	2167	5.41158511205633
Tumor	2167	2168	4.15108480894489
Tumor	2168	2169	4.93908858280068
Tumor	2169	2170	5.32369418659212
Tumor	2170	2171	5.18798436818214
Tumor	2171	2172	5.18191813942642
Tumor	2172	2173	3.21866398710865
Tumor	2173	2174	1.62040753364451
Tumor	2174	2175	0.230477916096443
Tumor	2175	2176	3.27030033037419
Tumor	2176	2177	2.18033763250941
Tumor	2177	2178	0.342227062711054
Tumor	2178	2179	1.14100918721065
Tumor	2179	2180	1.01830672726134
Tumor	2180	2181	2.88779301268374
Tumor	2181	2182	2.35796095145531
Tumor	2182	2183	0.634694761227751
Tumor	2183	2184	4.48151034158852
Tumor	2184	2185	0.23716607429546
Tumor	2185	2186	3.53996758992272
Tumor	2186	2187	0.649497430959885
Tumor	2187	2188	0.379237160203941
Tumor	2188	2189	0.747039006312881
Tumor	2189	2190	0.592446589097642
Tumor	2190	2191	0.35393635795615
Tumor	2191	2192	1.14860169653534
Tumor	2192	2193	3.21580892578038
Tumor	2193	2194	3.34837585206798
Tumor	2194	2195	3.34936731485089
Tumor	2195	2196	0.537660614173419
Tumor	2196	2197	0.669142557579263
Tumor	2197	2198	1.85577505279414
Tumor	2198	2199	2.69673702406138
Tumor	2199	2200	0.712308057383347
Tumor	2200	2201	1.75561046564543
Tumor	2201	2202	3.59452014951808
Tumor	2202	2203	1.37444979676584
Tumor	2203	2204	0.706822258450216
Tumor	2204	2205	1.06398403797423
Tumor	2205	2206	2.41164434364662
Tumor	2206	2207	3.00537849705492
Tumor	2207	2208	3.37646685289638
Tumor	2208	2209	0.897252595078829
Tumor	2209	2210	2.74250542576217
Tumor	2210	2211	1.77011249206028
Tumor	2211	2212	2.87851916499384
Tumor	2212	2213	1.52374394698692
Tumor	2213	2214	2.61385344092796
Tumor	2214	2215	0.934082997401472
Tumor	2215	2216	2.77352672062016
Tumor	2216	2217	0.68872668015377
Tumor	2217	2218	3.530791950676
Tumor	2218	2219	4.23833931514988
Tumor	2219	2220	0.629061078779045
Tumor	2220	2221	2.88320013958895
Tumor	2221	2222	2.13413264524931
Tumor	2222	2223	0.412486251171441
Tumor	2223	2224	0.385316442477264
Tumor	2224	2225	3.68591728562629
Tumor	2225	2226	0.747741105729472
Tumor	2226	2227	1.2262658109939
Tumor	2227	2228	0.681721293003299
Tumor	2228	2229	0.663476800678727
Tumor	2229	2230	2.47174093555401
Tumor	2230	2231	1.1359610279707
Tumor	2231	2232	1.16352219141831
Tumor	2232	2233	1.03281875940134
Tumor	2233	2234	0.564622042680788
Tumor	2234	2235	1.31355210959597
Tumor	2235	2236	3.03589009427705
Tumor	2236	2237	2.11809586296276
Tumor	2237	2238	2.21374942574787
Tumor	2238	2239	1.3281156014983
Tumor	2239	2240	1.0066477821154
Tumor	2240	2241	1.17618576690792
Tumor	2241	2242	2.58777328339773
Tumor	2242	2243	1.53707526384671
Tumor	2243	2244	2.10802478163348
Tumor	2244	2245	0.991366758314512
Tumor	2245	2246	1.67474874424152
Tumor	2246	2247	1.53364521795897
Tumor	2247	2248	1.78207548621636
Tumor	2248	2249	1.46394847829041
Tumor	2249	2250	2.87799118332661
Tumor	2250	2251	3.40915781589356
Tumor	2251	2252	1.83005537610932
Tumor	2252	2253	1.77637116821096
Tumor	2253	2254	2.12878690157002
Tumor	2254	2255	1.73531514495429
Tumor	2255	2256	1.32974901546006
Tumor	2256	2257	1.77298124779689
Tumor	2257	2258	1.48020745604985
Tumor	2258	2259	0.353468621982603
Tumor	2259	2260	0.481314298142221
Tumor	2260	2261	1.37025139457257
Tumor	2261	2262	0.236332651105034
Tumor	2262	2263	2.37699117989823
Tumor	2263	2264	3.05409646968604
Tumor	2264	2265	0.735904993861209
Tumor	2265	2266	1.05940665267218
Tumor	2825	2826	3.41362841471165
Tumor	2826	2827	0.295903751345515
Tumor	2827	2828	0.573244650173599
Tumor	2828	2829	0.392125132615094
Tumor	2829	2830	1.0154347821892
Tumor	2830	2831	1.30742138103323
Tumor	2831	2832	1.62241654016129
Tumor	2832	2833	0.978405177301732
Tumor	2833	2834	1.26208160960141
Tumor	2834	2835	0.361000170792789
Tumor	2835	2836	0.861251575161069
Tumor	2836	2837	0.617959834864547
Tumor	2837	2838	1.46372714346029
Tumor	2838	2839	2.12166827822509
Tumor	2839	2840	0.602690192745996
Tumor	2840	2841	2.73766512164114
Tumor	2841	2842	0.695505494706467
Tumor	2842	2843	1.27591510456597
Tumor	2843	2844	3.20280770870249
Tumor	2844	2845	1.91960412457004
Tumor	2845	2846	1.58302607652141
Tumor	2846	2847	0.377440955519987
Tumor	2847	2848	1.96027522819815
Tumor	2848	2849	1.2849200801299
Tumor	2849	2850	0.615389019222764
Tumor	2850	2851	1.51818861670989
Tumor	2851	2852	1.94107258938973
Tumor	2852	2853	3.19517736605662
Tumor	2853	2854	0.814640156937404
Tumor	2854	2855	0.562518657026335
Tumor	2855	2856	0.510000321552063
Tumor	2856	2857	0.954503358738401
Tumor	2857	2858	1.64054971358604
Tumor	2858	2859	0.562145322935071
Tumor	2859	2860	1.92127925193952
Tumor	2860	2861	1.51704163256299
Tumor	2861	2862	2.61395115317969
Tumor	2862	2863	0.683748182713771
Tumor	2863	2864	0.402733883567394
Tumor	2864	2865	0.308505634305075
Tumor	2865	2866	0.806854696127832
Tumor	2866	2867	1.2030490140393
Tumor	2867	2868	1.48940564049785
Tumor	2868	2869	2.4455946082635
Tumor	2869	2870	2.05896667815073
Tumor	2870	2871	0.736911865493595
Tumor	2871	2872	0.34953655544894
Tumor	2872	2873	1.49694258881892
Tumor	2873	2874	0.908085701303797
Tumor	2874	2875	1.07282661633621
Tumor	2875	2876	0.179946329093146
Tumor	2876	2877	0.343187740103722
Tumor	2877	2878	1.10633822565364
Tumor	2878	2879	1.30937310442932
Tumor	2879	2880	0.312795581198957
Tumor	2880	2881	0.4661363032893
Tumor	2881	2882	1.47563657784546
Tumor	2882	2883	0.969056488145282
Tumor	2883	2884	1.96909523570025
Tumor	2884	2885	0.742066574606806
Tumor	2885	2886	1.38121593347645
Tumor	2886	2887	1.78869314594282
Tumor	2887	2888	1.97801407344413
Tumor	2888	2889	2.18196382629048
Tumor	2889	2890	1.75806602704394
Tumor	2890	2891	0.274753001252924
Tumor	2891	2892	0.28833355459665
Tumor	2892	2893	2.57403545080393
Tumor	2893	2894	0.494996134533
Tumor	2894	2895	0.312706829313994
Tumor	2895	2896	1.04983605327158
Tumor	2896	2897	0.905578205862137
Tumor	2897	2898	2.06246647804182
Tumor	2898	2899	2.15273217106674
Tumor	2899	2900	0.183330457663694
Tumor	2900	2901	1.17639253240065
Tumor	2901	2902	3.23046829086559
Tumor	2902	2903	1.30748695630875
Tumor	2996	2997	1.14134059008731
Tumor	2997	2998	3.20333543186172
Tumor	2998	2999	1.58385685571052
Tumor	2999	3000	1.77642553866699
Tumor	3000	3001	1.38266784999516
Tumor	3001	3002	1.88693390396141
Tumor	3002	3003	0.471372678421875
Tumor	3003	3004	1.90142214231267
Tumor	3004	3005	0.745561316018428
Tumor	3005	3006	0.5742144267489
Tumor	3006	3007	0.24216362184584
Tumor	3007	3008	0.488694060365493
Tumor	3008	3009	0.65046005578076
Tumor	3009	3010	1.84439091591503
Tumor	3010	3011	0.391883882190129
Tumor	3011	3012	0.795016059814998
Tumor	3012	3013	0.943180144134596
Tumor	3104	3105	1.05858646629201
Tumor	3105	3106	1.01867967937545
Tumor	3106	3107	0.436444016366342
Tumor	3107	3108	0.818574923568788
Tumor	3108	3109	0.570377684706817
Tumor	3109	3110	1.48553838769406
Tumor	3110	3111	1.1368588606093
Tumor	3111	3112	0.492013797652563
Tumor	3112	3113	0.443415877100024
Tumor	3113	3114	0.443266033304109
Tumor	3114	3115	0.872662773230567
Tumor	3115	3116	0.422494190338798
Tumor	3116	3117	0.486157740100433
Tumor	3117	3118	1.3836750892763
Tumor	3118	3119	0.192765654006063
Tumor	3119	3120	0.182729135083024
Tumor	3120	3121	0.394459688872098
Tumor	3121	3122	0.5859084139579
Tumor	3122	3123	0.367260416602288
Tumor	3123	3124	0.51949337559941
Tumor	3124	3125	0.475759543414093
Tumor	3125	3126	0.221210513117185
Tumor	3126	3127	0.859965319915887
Tumor	3127	3128	3.27567794996267
Tumor	3128	3129	2.94028018300225
Tumor	3129	3130	3.12304868192834
Tumor	3130	3131	2.14737932352291
Tumor	3131	3132	1.48507590567967
Tumor	3336	3337	2.57984721214217
Tumor	3337	3338	1.41765816324477
Tumor	3338	3339	0.845283894950857
Tumor	3339	3340	0.635988766719997
Tumor	3340	3341	2.34677381447963
Tumor	3341	3342	0.924345767402469
Tumor	3342	3343	2.32734539129712
Tumor	3343	3344	0.378568811326766
Tumor	3344	3345	2.92905908683914
Tumor	3345	3346	1.36877836239076
Tumor	3346	3347	0.880882439811454
Tumor	3347	3348	0.501534795354197
Tumor	3348	3349	0.671170399452017
Tumor	3349	3350	2.51685108634779
Tumor	3350	3351	1.58555242744474
Tumor	3351	3352	0.716327026338939
