CD8T	60	61	1.20131935678067
CD8T	61	62	0.980204682383716
CD8T	62	63	1.06986127956826
CD8T	1133	1134	1.22034156529284
CD4T	125	126	2.05625384589532
CD4T	126	127	0.83937702689576
CD4T	127	128	0.931931324415227
CD4T	128	129	1.55509256341837
CD4T	129	130	1.03809025141279
CD4T	2540	2541	1.0894960939458
CD4T	5856	5857	1.34760327129153
CD4T	5857	5858	2.16039887906589
NK	103	104	1.91649626384902
NK	104	105	1.44096392305322
NK	622	623	1.13610457584567
NK	858	859	0.8889028989759
B	0	1	0.9501288398244
B	156	157	1.17732397912714
Neutrophil	0	1	1.05793131466657
Neutrophil	819	820	2.5775959831465
Neutrophil	947	948	2.12067431022148
Macrophage	0	1	1.10599983066123
Macrophage	1	2	1.03281875940134
Macrophage	2	3	0.746221631452369
Macrophage	3	4	0.973595574678014
Macrophage	4	5	1.12250421009284
Macrophage	268	269	0.601177935209529
Macrophage	269	270	0.358436550427685
Macrophage	270	271	0.763422308994504
Macrophage	271	272	0.855456458653133
Macrophage	272	273	0.403442057919798
Macrophage	1053	1054	0.933989225015004
Macrophage	1228	1229	0.533343574429899
Macrophage	1667	1668	0.557864286964344
Macrophage	1668	1669	0.455145097284056
Macrophage	1669	1670	0.647885103113628
Macrophage	2738	2739	0.341495390766259
Macrophage	2739	2740	0.610178555397964
Macrophage	3389	3390	0.503235903000938
Macrophage	3390	3391	0.368149206557025
Macrophage	3391	3392	1.37169880659249
DC	59	60	0.665951912108429
DC	60	61	0.430263936346561
DC	601	602	0.614316232399764
Mast	0	1	2.31327456881637
Mast	1	2	1.78071446269912
Mast	2	3	2.37902000452688
Mast	3	4	1.96597567836983
Mast	4	5	2.37872382533109
Mast	5	6	1.36233143575843
Mast	6	7	2.25661054227974
Mast	7	8	3.23202500397852
Mast	8	9	3.52113386325811
Mast	9	10	2.57722135132091
Mast	10	11	2.55452686229226
Mast	11	12	2.80724388093293
Mast	12	13	3.21476571711337
Mast	13	14	2.40448692023301
Mast	14	15	1.77122486678635
Mast	15	16	0.443705867258051
Mast	16	17	1.93552530938719
Mast	17	18	2.35450259671688
Mast	18	19	2.05257697530849
Mast	19	20	3.30535460199189
Mast	20	21	5.06247461535517
Mast	21	22	1.59738766355958
Mast	22	23	1.83956601435704
Mast	23	24	4.69310462986519
Mast	24	25	0.947413543536709
Mast	25	26	4.41957987559938
Mast	26	27	2.91352404047583
Mast	27	28	2.06006775573313
Mast	28	29	2.9106669942742
Mast	29	30	1.9632516240918
Mast	30	31	1.08020150776263
Mast	31	32	1.58818145376402
Mast	32	33	1.21564815364914
Mast	33	34	1.71372414789283
Mast	34	35	1.29426269940212
Mast	35	36	0.611602825892117
Mast	36	37	2.13150978948909
Mast	37	38	1.70262408196355
Mast	38	39	2.10638519280838
Mast	39	40	2.37294834775456
Mast	40	41	2.77118359172179
Mast	41	42	0.976991352712383
Mast	42	43	2.12261371354504
Mast	43	44	1.87608774620599
Mast	44	45	3.57063560060853
Mast	45	46	2.76721450083229
Mast	46	47	3.53224117636019
Mast	47	48	2.48147611469121
Mast	48	49	3.24260196091044
Mast	49	50	2.74227248102089
Mast	50	51	1.34633979900985
Mast	51	52	4.03055703162015
Mast	52	53	1.94651038916937
Mast	53	54	2.56642755433085
Mast	54	55	1.92778839312218
Mast	55	56	2.5656881372772
Mast	56	57	1.87890179222575
Mast	57	58	2.48097413751812
Mast	58	59	2.26435747945697
Mast	59	60	3.07914084376111
Mast	60	61	1.37544326988424
Mast	61	62	3.63237764266814
Mast	62	63	0.798697187983088
Mast	63	64	3.16861492924284
Mast	64	65	2.28464839029693
Mast	65	66	0.807129638100483
Mast	66	67	3.19626870607155
Mast	67	68	3.75722329554326
Mast	68	69	0.88345549218106
Mast	69	70	0.638846421817024
Mast	70	71	3.45002212696758
Mast	71	72	0.72308593864263
Mast	72	73	1.50058699183651
Mast	73	74	2.87325333791181
Mast	74	75	1.91674351610507
Mast	75	76	4.36438965009777
Mast	76	77	2.40153959170054
Mast	77	78	1.89890714335483
Mast	78	79	1.2283118726312
Mast	79	80	2.05744367384084
Mast	80	81	3.54663062209422
Mast	81	82	2.01459974735579
Mast	82	83	0.86330752815175
Mast	83	84	3.20980059391573
Mast	84	85	3.7751716133075
Mast	85	86	5.06371962537034
Mast	86	87	3.32237268963953
Mast	87	88	2.77681758815947
Mast	88	89	2.56731569739588
Mast	89	90	4.2412281964183
Mast	90	91	2.60500761332842
Mast	91	92	0.952176310247358
Mast	92	93	1.80713175281567
Mast	93	94	1.01870229206066
Mast	94	95	3.73195976627946
Mast	95	96	2.52236579201397
Mast	96	97	3.03599117597002
Mast	97	98	3.31473681713481
Mast	98	99	1.65683308016806
Mast	99	100	3.1337502238965
Mast	100	101	2.40153959170054
Mast	101	102	2.25622786427144
Mast	102	103	1.76880011373128
Mast	103	104	0.880965192598177
Mast	104	105	3.63227016162602
Mast	105	106	3.63406310439073
Mast	106	107	1.06299067496005
Mast	107	108	1.69677603342272
Mast	108	109	1.78957531284788
Mast	109	110	0.993503693908454
Mast	110	111	2.69287596471807
Mast	111	112	1.99798245729022
Mast	112	113	2.28140599136543
Mast	113	114	2.83666204141619
Mast	114	115	1.05050045916668
Mast	115	116	1.78760491402091
Mast	116	117	2.51354195804593
Mast	117	118	1.6718176908427
Mast	118	119	2.76599235374705
Mast	119	120	3.03066045531386
Mast	120	121	3.3182244061322
Mast	121	122	2.81630855691698
Mast	122	123	0.969919979060667
Mast	123	124	4.0181635611687
Mast	124	125	4.21730199432981
Mast	125	126	2.57628548616796
Mast	126	127	1.64004711905691
Mast	127	128	4.06290303638728
Mast	128	129	3.26090528066938
Mast	129	130	4.26948178305813
Mast	130	131	4.61644153844713
Mast	131	132	4.92783461719705
Mast	132	133	0.945387979892461
Mast	133	134	1.38772105556125
Mast	134	135	0.996081200928622
Mast	135	136	3.05570198400812
Mast	136	137	1.07823540807941
Mast	137	138	0.972367044870784
Mast	138	139	2.59741485519514
Mast	139	140	2.84636103194603
Mast	140	141	0.959169518486375
Mast	141	142	3.60664647619156
Mast	142	143	1.61393302355103
Mast	143	144	2.0334115090634
Mast	144	145	2.97818301201208
Mast	145	146	1.29734687510339
Mast	146	147	3.00781421972196
Mast	147	148	1.2237189639569
Mast	148	149	2.29281124333991
Mast	149	150	2.21266127605736
Mast	150	151	1.66408175185499
Mast	151	152	3.11375422929274
Mast	152	153	2.21994360723457
Mast	153	154	4.72243137508854
Mast	154	155	1.0018247702185
Mast	155	156	4.07926478663323
Mast	156	157	3.79323132382724
Mast	157	158	1.84717530836962
Mast	158	159	0.922515633369867
Mast	159	160	2.6021111759002
Mast	160	161	2.89827693740328
Mast	161	162	1.3655823621981
Mast	162	163	2.10532921249577
Mast	163	164	3.12825333063389
Mast	164	165	4.45979852140813
Mast	165	166	2.98831058212437
Mast	166	167	1.90375129004809
Mast	167	168	2.04445529368525
Mast	168	169	2.06222136969842
Mast	169	170	1.6663411125789
Mast	170	171	4.85271652983772
Mast	171	172	3.15849765155408
Mast	172	173	2.24577446636152
Mast	173	174	2.15296497685855
Mast	174	175	3.26345388502546
Mast	549	550	2.98196756108314
Mast	550	551	1.21773841914851
Mast	551	552	1.2442571049076
Mast	552	553	0.752338631157737
Mast	553	554	1.09661628002139
Mast	554	555	2.42750513396557
Mast	555	556	3.12023564030744
Mast	556	557	3.02867795360931
Mast	557	558	4.05679582860776
Mast	558	559	0.39054305023907
Mast	559	560	3.24441608592591
Mast	560	561	1.26925452581418
Mast	561	562	3.23296029225085
Mast	562	563	1.38952805448106
Mast	563	564	1.81304496619291
Mast	564	565	1.67175919771753
Mast	565	566	1.20457981295943
Mast	566	567	2.49344399857439
Mast	567	568	3.93019303260986
Mast	568	569	2.67445128820618
Mast	569	570	2.28731295354394
Mast	570	571	1.28586639572104
Mast	571	572	4.55201515388078
Mast	572	573	2.92030471124064
Mast	573	574	3.69808888532511
Mast	574	575	1.01118745854386
Mast	575	576	1.41541107135065
Mast	576	577	3.31766158260639
Mast	577	578	2.7272525272955
Mast	578	579	2.09902308259877
Mast	579	580	3.42463311405005
Mast	580	581	2.34506608797021
EC	0	1	0.826012176798491
EC	1	2	0.71397911879888
EC	954	955	0.748679388907351
EC	1385	1386	0.383030437927574
Tumor	0	1	2.47997107629203
Tumor	1	2	2.87640910778223
Tumor	206	207	0.405398452550733
Tumor	1580	1581	2.2763703435199
Tumor	1581	1582	1.34633979900985
Tumor	1582	1583	2.62853577431505
Tumor	2064	2065	0.406383880359056
Tumor	2065	2066	0.654473402183546
Tumor	3103	3104	0.331053205079268
Tumor	3335	3336	2.88754290169569
