CD8T	0	1	1.37765692841824
CD8T	98	99	0.840798687690103
CD8T	980	981	0.983231418203317
CD8T	1181	1182	0.842225454318861
CD8T	1192	1193	1.41470318139231
CD8T	1193	1194	1.17376231525182
CD8T	2258	2259	0.996404406552007
CD8T	2259	2260	1.4030247893791
CD8T	2809	2810	1.3865944361409
CD8T	2810	2811	1.11583772474909
CD8T	2811	2812	1.37610650575933
CD8T	3146	3147	1.02165124753198
CD8T	3384	3385	1.03281875940134
CD8T	4003	4004	1.05001716399479
CD8T	4134	4135	1.12404434023022
CD8T	4135	4136	1.1608048239992
CD8T	4469	4470	1.06948401574509
CD8T	4470	4471	1.41848813100786
CD8T	4471	4472	1.22388838449265
CD8T	4472	4473	1.58771674681495
CD8T	4473	4474	1.25365654374918
CD8T	4877	4878	0.904456274227152
CD8T	5109	5110	0.344585040275598
CD8T	5284	5285	1.47589687702648
CD8T	5285	5286	1.65034071177037
CD4T	1	2	0.94529175634893
CD4T	131	132	1.06014600784031
CD4T	188	189	0.770275815500652
CD4T	189	190	1.21198873798719
CD4T	190	191	0.843732861826267
CD4T	191	192	0.956201210657652
CD4T	192	193	2.059828834746
CD4T	193	194	1.81204414039956
CD4T	1574	1575	1.48878528643126
CD4T	1575	1576	0.962657700099371
CD4T	2547	2548	0.609718097170357
CD4T	2766	2767	1.02290446975841
CD4T	2767	2768	1.24232612224101
CD4T	2929	2930	1.15660568467706
CD4T	2990	2991	0.389987750364264
CD4T	2991	2992	0.494296961159886
CD4T	2992	2993	0.89450783711595
CD4T	2993	2994	0.960960037542187
CD4T	4237	4238	0.725606837574797
CD4T	4238	4239	0.861488270068121
CD4T	4239	4240	0.892375914705195
CD4T	4620	4621	0.743954491152117
CD4T	4621	4622	0.992220339351969
CD4T	4622	4623	1.03938775839069
CD4T	4623	4624	0.868894943947378
CD4T	4624	4625	0.96597166119224
CD4T	5073	5074	1.2749852956569
CD4T	5074	5075	0.952469580277134
CD4T	5298	5299	1.35566890901177
CD4T	5376	5377	1.49519531482676
CD4T	5909	5910	0.953742663551204
CD4T	6080	6081	0.54443912469643
CD4T	6088	6089	1.26796853262143
CD4T	6089	6090	1.36797774859458
CD4T	6090	6091	1.13467089886917
CD4T	6091	6092	1.21232039262598
NK	398	399	1.07491943345466
NK	696	697	1.02006104962903
ILC	4	5	0.776181474382135
ILC	31	32	1.15407260179942
B	449	450	0.869377442015166
B	568	569	0.895449326532629
B	649	650	0.763973233128558
B	650	651	0.44523214366275
B	840	841	0.420564629647721
B	859	860	0.284322053478804
B	924	925	0.42921374133058
Neutrophil	3	4	2.21665838732908
Neutrophil	5	6	1.50985911457773
Neutrophil	6	7	2.67006170336998
Neutrophil	7	8	1.51233624560626
Neutrophil	8	9	1.42877793858469
Neutrophil	9	10	2.29247782309862
Neutrophil	10	11	1.70262408196355
Neutrophil	11	12	2.61492888427982
Neutrophil	12	13	2.27167755553097
Neutrophil	13	14	1.99021672505133
Neutrophil	14	15	1.41872547216899
Neutrophil	20	21	1.76678580469278
Neutrophil	37	38	2.07125975698358
Neutrophil	39	40	2.523156531922
Neutrophil	40	41	1.99130826597491
Neutrophil	41	42	1.61425526418314
Neutrophil	42	43	2.40474148849362
Neutrophil	43	44	2.23881743979135
Neutrophil	44	45	2.38481670629391
Neutrophil	52	53	2.97224259794176
Neutrophil	53	54	2.42468423852617
Neutrophil	54	55	2.42562348177185
Neutrophil	55	56	2.18382640423796
Neutrophil	56	57	2.77305759679317
Neutrophil	57	58	1.75442353071454
Neutrophil	58	59	2.69095181782003
Neutrophil	59	60	1.63454315139715
Neutrophil	60	61	2.70321028100657
Neutrophil	61	62	3.03882603952304
Neutrophil	62	63	1.65102120092132
Neutrophil	63	64	1.65683308016806
Neutrophil	64	65	2.67508018186464
Neutrophil	65	66	2.86125852182094
Neutrophil	66	67	1.69278404402543
Neutrophil	67	68	2.22471274565542
Neutrophil	68	69	2.65599788163814
Neutrophil	69	70	2.72780921292486
Neutrophil	70	71	2.32276663119657
Neutrophil	71	72	2.35926157205627
Neutrophil	72	73	2.49514328641769
Neutrophil	73	74	1.70372611974273
Neutrophil	74	75	1.8228403481643
Neutrophil	75	76	3.05924411685647
Neutrophil	76	77	2.86035244068644
Neutrophil	77	78	2.41488530403829
Neutrophil	78	79	2.83321334405622
Neutrophil	79	80	2.43507427604012
Neutrophil	80	81	3.26533630129078
Neutrophil	81	82	2.1065965598764
Neutrophil	82	83	1.63520791060614
Neutrophil	83	84	2.40611750073891
Neutrophil	84	85	1.99130826597491
Neutrophil	85	86	2.8722038877824
Neutrophil	86	87	1.74344089195725
Neutrophil	87	88	2.11360385508445
Neutrophil	88	89	1.78553667378979
Neutrophil	89	90	2.01403684465442
Neutrophil	90	91	2.13303872768881
Neutrophil	91	92	2.8695856463988
Neutrophil	92	93	2.97312237002494
Neutrophil	93	94	2.40017110445886
Neutrophil	94	95	2.30186540962365
Neutrophil	95	96	2.49056300756052
Neutrophil	96	97	2.78533656960186
Neutrophil	97	98	1.75878542312593
Neutrophil	98	99	2.19509408385393
Neutrophil	99	100	2.46211673236237
Neutrophil	100	101	3.80396762302912
Neutrophil	101	102	2.08996865015039
Neutrophil	102	103	1.54864191617103
Neutrophil	103	104	1.72918676816664
Neutrophil	104	105	2.64377490509332
Neutrophil	105	106	1.81075940747296
Neutrophil	106	107	1.65102120092132
Neutrophil	107	108	3.37746968727827
Neutrophil	108	109	1.73647021481081
Neutrophil	109	110	2.25164977247823
Neutrophil	110	111	2.1516208205362
Neutrophil	111	112	2.39155582030483
Neutrophil	112	113	1.61683879892166
Neutrophil	113	114	3.3331692955853
Neutrophil	114	115	2.83509769274711
Neutrophil	115	116	3.05140556688336
Neutrophil	116	117	2.47963698682203
Neutrophil	117	118	1.71260611304887
Neutrophil	173	174	2.10343203031649
Neutrophil	174	175	2.28187968364256
Neutrophil	175	176	1.47200368193716
Neutrophil	176	177	2.39880485990856
Neutrophil	177	178	3.64944148889872
Neutrophil	178	179	3.48724421544673
Neutrophil	179	180	4.12225195818162
Neutrophil	180	181	3.70773632578331
Neutrophil	181	182	3.60839155459839
Neutrophil	182	183	3.23812136513875
Neutrophil	206	207	3.55102816110727
Neutrophil	207	208	2.77458316193559
Neutrophil	208	209	2.88010498435448
Neutrophil	209	210	2.76303131715074
Neutrophil	210	211	2.74240835795063
Neutrophil	211	212	2.10122444941016
Neutrophil	212	213	1.38704483019826
Neutrophil	213	214	2.08224659260744
Neutrophil	214	215	3.00537849705492
Neutrophil	215	216	2.38885361988142
Neutrophil	216	217	2.05923185480196
Neutrophil	217	218	3.34761523299085
Neutrophil	218	219	2.26314385595782
Neutrophil	219	220	3.50568889098475
Neutrophil	220	221	2.86229517162776
Neutrophil	221	222	3.00416308782747
Neutrophil	222	223	2.43128116281213
Neutrophil	223	224	1.97456340207795
Neutrophil	249	250	3.1209750768364
Neutrophil	250	251	2.55979565564398
Neutrophil	260	261	3.39068139075788
Neutrophil	261	262	3.6734539892874
Neutrophil	262	263	2.16346022142362
Neutrophil	264	265	2.7573462248221
Neutrophil	265	266	2.93604666211198
Neutrophil	266	267	2.89816895741187
Neutrophil	267	268	2.27402056526025
Neutrophil	268	269	2.93295469857038
Neutrophil	269	270	2.4920870175616
Neutrophil	270	271	2.72959298432882
Neutrophil	271	272	1.71858985852962
Neutrophil	272	273	1.48375639443779
Neutrophil	273	274	2.91980682368258
Neutrophil	274	275	2.46342639830191
Neutrophil	275	276	2.96610809164301
Neutrophil	276	277	2.41674293930145
Neutrophil	277	278	2.47646970543099
Neutrophil	278	279	2.92624529195454
Neutrophil	279	280	2.74444903630255
Neutrophil	280	281	2.88434764329278
Neutrophil	281	282	2.94812229451351
Neutrophil	282	283	1.77487760908237
Neutrophil	283	284	2.35926157205627
Neutrophil	284	285	1.66581905683477
Neutrophil	285	286	2.63752653956798
Neutrophil	286	287	1.8228403481643
Neutrophil	287	288	2.46736764561314
Neutrophil	288	289	1.96001316875166
Neutrophil	289	290	2.29621992739132
Neutrophil	294	295	2.72558458699241
Neutrophil	295	296	2.12002890457067
Neutrophil	296	297	3.37856355483282
Neutrophil	297	298	2.47497354765838
Neutrophil	298	299	2.891553092942
Neutrophil	301	302	2.40519990717726
Neutrophil	305	306	2.2662366553995
Neutrophil	306	307	2.47132739166162
Neutrophil	307	308	1.73033175497897
Neutrophil	308	309	1.98370023447069
Neutrophil	309	310	2.28875279094559
Neutrophil	310	311	3.26958577393738
Neutrophil	311	312	2.53270310735032
Neutrophil	312	313	3.98066346247207
Neutrophil	313	314	3.33927053728407
Neutrophil	314	315	2.36056424053068
Neutrophil	315	316	1.71633991396968
Neutrophil	316	317	2.37990917642859
Neutrophil	317	318	2.94282989221254
Neutrophil	318	319	2.25203029323003
Neutrophil	319	320	2.93520234422378
Neutrophil	320	321	2.04328530216936
Neutrophil	321	322	2.82223827052837
Neutrophil	322	323	3.29487440202243
Neutrophil	323	324	3.33143340102506
Neutrophil	324	325	3.19200698369885
Neutrophil	325	326	2.92401991194884
Neutrophil	326	327	3.45166897180527
Neutrophil	327	328	3.62691158150062
Neutrophil	334	335	2.99449811570996
Neutrophil	335	336	3.18642933057222
Neutrophil	336	337	2.15498549876768
Neutrophil	337	338	2.93943188320704
Neutrophil	338	339	2.46901528245137
Neutrophil	339	340	2.67823147807854
Neutrophil	340	341	3.48570915341432
Neutrophil	341	342	3.74531446586581
Neutrophil	344	345	2.18592701675054
Neutrophil	345	346	2.64256202421598
Neutrophil	346	347	3.37201948604486
Neutrophil	347	348	2.57872086011922
Neutrophil	348	349	3.56988505088064
Neutrophil	349	350	2.54289734536132
Neutrophil	350	351	3.58322731674572
Neutrophil	351	352	2.96436300988635
Neutrophil	352	353	1.89601581014423
Neutrophil	353	354	2.64417957597193
Neutrophil	354	355	3.61452476957522
Neutrophil	355	356	2.4890417349358
Neutrophil	356	357	3.41710787171243
Neutrophil	357	358	3.31574116806711
Neutrophil	358	359	3.24083071015986
Neutrophil	359	360	3.7182665436772
Neutrophil	360	361	2.5477690025111
Neutrophil	361	362	2.39926002598991
Neutrophil	362	363	3.1227027547914
Neutrophil	363	364	2.59462568303322
Neutrophil	364	365	3.54261149410068
Neutrophil	365	366	3.32970073715984
Neutrophil	366	367	1.50302826221598
Neutrophil	367	368	2.60095532030742
Neutrophil	368	369	3.0127054000116
Neutrophil	369	370	3.51294106165693
Neutrophil	370	371	1.94214817471432
Neutrophil	371	372	2.90750313813889
Neutrophil	372	373	3.4584982354995
Neutrophil	373	374	2.21738727657938
Neutrophil	374	375	3.30493311606654
Neutrophil	375	376	2.07429610670219
Neutrophil	376	377	2.48323538484697
Neutrophil	377	378	1.96765013569172
Neutrophil	378	379	3.17610728007236
Neutrophil	379	380	2.17478717681931
Neutrophil	380	381	2.01516306475125
Neutrophil	381	382	2.95914793585463
Neutrophil	382	383	2.50506687744265
Neutrophil	383	384	2.69501889021372
Neutrophil	384	385	3.93182563272433
Neutrophil	385	386	1.98640864111952
Neutrophil	386	387	3.54696632318644
Neutrophil	387	388	3.65603055463394
Neutrophil	388	389	2.88275428559877
Neutrophil	389	390	2.07429610670219
Neutrophil	390	391	2.12911315147707
Neutrophil	391	392	2.57311115383595
Neutrophil	392	393	3.23358434407314
Neutrophil	393	394	3.08517893832222
Neutrophil	394	395	3.4773108111958
Neutrophil	395	396	3.39012715790791
Neutrophil	396	397	2.06702872660313
Neutrophil	397	398	3.28327532864442
Neutrophil	398	399	2.84001577002228
Neutrophil	399	400	2.32401285607585
Neutrophil	400	401	1.48428386758496
Neutrophil	401	402	2.79130122258114
Neutrophil	402	403	2.46113581658714
Neutrophil	403	404	2.88994685880331
Neutrophil	404	405	4.02900656280669
Neutrophil	405	406	3.52485731182249
Neutrophil	406	407	2.8389541914883
Neutrophil	407	408	3.07897597770208
Neutrophil	408	409	4.10670253962021
Neutrophil	409	410	2.84381749568593
Neutrophil	410	411	2.32276663119657
Neutrophil	411	412	2.51197896002874
Neutrophil	412	413	3.24378468224852
Neutrophil	413	414	2.28398832078956
Neutrophil	414	415	2.82124722950691
Neutrophil	415	416	3.71580464653936
Neutrophil	416	417	3.87012453186867
Neutrophil	417	418	1.80734463789444
Neutrophil	418	419	3.82397112918437
Neutrophil	419	420	1.50493352789445
Neutrophil	420	421	1.75719615890468
Neutrophil	421	422	4.12374596625569
Neutrophil	422	423	1.79803695374719
Neutrophil	423	424	1.90035706071708
Neutrophil	424	425	3.7038656085508
Neutrophil	425	426	3.62424360463914
Neutrophil	426	427	3.07683542671397
Neutrophil	427	428	2.28425228445576
Neutrophil	428	429	2.11809586296276
Neutrophil	429	430	2.02880853123836
Neutrophil	430	431	4.02745858104328
Neutrophil	431	432	3.1622815318928
Neutrophil	432	433	2.94226266542306
Neutrophil	433	434	3.13558987309394
Neutrophil	434	435	2.16039887906589
Neutrophil	435	436	3.58765993285183
Neutrophil	436	437	3.30177805142678
Neutrophil	437	438	1.8803128665695
Neutrophil	438	439	3.41255671955347
Neutrophil	439	440	2.29621992739132
Neutrophil	440	441	3.76047227486329
Neutrophil	441	442	2.06102417790366
Neutrophil	442	443	2.81384949195747
Neutrophil	443	444	3.21065653505328
Neutrophil	444	445	3.35425633554896
Neutrophil	445	446	4.64664496120658
Neutrophil	446	447	4.09024293839335
Neutrophil	447	448	3.54505861270732
Neutrophil	448	449	1.77203496388028
Neutrophil	449	450	2.56200059012028
Neutrophil	450	451	3.80163473992824
Neutrophil	451	452	2.20102618571629
Neutrophil	452	453	2.93632827767813
Neutrophil	453	454	1.53564386274411
Neutrophil	454	455	2.01855170845776
Neutrophil	455	456	3.98835610305855
Neutrophil	456	457	1.87328444292206
Neutrophil	457	458	3.49310040314487
Neutrophil	458	459	3.37344708750063
Neutrophil	459	460	2.71960613578636
Neutrophil	460	461	3.59538118362582
Neutrophil	461	462	3.64580056148017
Neutrophil	462	463	2.74308805784308
Neutrophil	463	464	2.88834350315023
Neutrophil	464	465	2.45365316882681
Neutrophil	465	466	2.67131361394878
Neutrophil	466	467	4.07079760648029
Neutrophil	467	468	2.05239950525228
Neutrophil	468	469	2.95655166898559
Neutrophil	469	470	3.61951899518569
Neutrophil	470	471	2.84229485571925
Neutrophil	471	472	4.29322501158113
Neutrophil	472	473	3.66414644146795
Neutrophil	473	474	3.37310698435427
Neutrophil	474	475	2.98970407117115
Neutrophil	475	476	2.47265144574793
Neutrophil	476	477	2.83246072160195
Neutrophil	477	478	1.31202981685134
Neutrophil	478	479	3.23436500191066
Neutrophil	479	480	2.23359222150709
Neutrophil	480	481	3.72337847036975
Neutrophil	481	482	3.78233461752105
Neutrophil	482	483	3.51531228776297
Neutrophil	483	484	3.17098936182691
Neutrophil	484	485	3.51057578879868
Neutrophil	485	486	3.51689642693579
Neutrophil	486	487	2.93816093164051
Neutrophil	487	488	2.76651592364488
Neutrophil	488	489	3.7554546524254
Neutrophil	489	490	1.82676688586354
Neutrophil	490	491	4.08995412581508
Neutrophil	491	492	3.49124713972025
Neutrophil	492	493	2.85763970874937
Neutrophil	493	494	3.58644011067066
Neutrophil	494	495	2.11745257159444
Neutrophil	495	496	2.40017110445886
Neutrophil	496	497	1.97670334482511
Neutrophil	497	498	3.08079114546088
Neutrophil	498	499	4.01509391529768
Neutrophil	499	500	3.08145210306442
Neutrophil	500	501	1.86171805783497
Neutrophil	501	502	3.49124713972025
Neutrophil	502	503	2.48197839000891
Neutrophil	503	504	3.83625309135313
Neutrophil	504	505	1.41117602749663
Neutrophil	505	506	3.40512752981135
Neutrophil	506	507	3.14723867129186
Neutrophil	507	508	4.85576354857197
Neutrophil	508	509	3.64476285659082
Neutrophil	509	510	2.93914929428827
Neutrophil	510	511	3.7240358336175
Neutrophil	511	512	2.75238451696435
Neutrophil	512	513	3.79547289717618
Neutrophil	513	514	4.03811694300681
Neutrophil	514	515	2.91352404047583
Neutrophil	515	516	3.58050984095257
Neutrophil	516	517	3.52859552433185
Neutrophil	517	518	2.37724451201169
Neutrophil	518	519	2.90125150034179
Neutrophil	519	520	2.0785670335349
Neutrophil	520	521	2.2043674648486
Neutrophil	521	522	4.42424694438183
Neutrophil	522	523	4.22930037846993
Neutrophil	523	524	2.45771157603045
Neutrophil	524	525	2.26006279827446
Neutrophil	525	526	3.3940137055991
Neutrophil	526	527	4.30216795681749
Neutrophil	527	528	3.74773829933491
Neutrophil	528	529	3.69770501426176
Neutrophil	529	530	3.24220805634212
Neutrophil	530	531	1.50466099760988
Neutrophil	531	532	3.61364616143773
Neutrophil	532	533	3.27141295880124
Neutrophil	533	534	2.9922477429876
Neutrophil	534	535	3.26485188594011
Neutrophil	535	536	3.80676027254596
Neutrophil	536	537	2.87377852583086
Neutrophil	537	538	3.31127556472947
Neutrophil	538	539	3.10353660916048
Neutrophil	539	540	4.22402238553063
Neutrophil	540	541	2.2210416706577
Neutrophil	541	542	3.19424753769429
Neutrophil	542	543	3.95226180503498
Neutrophil	543	544	3.39721835669806
Neutrophil	544	545	3.19649355427692
Neutrophil	545	546	1.72804365484195
Neutrophil	546	547	2.91848047211265
Neutrophil	547	548	3.02088702476699
Neutrophil	548	549	3.32538313578801
Neutrophil	549	550	3.81562164435638
Neutrophil	550	551	4.04509694214498
Neutrophil	551	552	3.16517498461475
Neutrophil	552	553	3.91241508541749
Neutrophil	553	554	4.00076341041407
Neutrophil	554	555	2.66756327108501
Neutrophil	555	556	2.83020667073977
Neutrophil	556	557	2.2906131819356
Neutrophil	557	558	1.58278012062689
Neutrophil	558	559	3.02791326835209
Neutrophil	559	560	3.72101571083277
Neutrophil	560	561	1.60180185878519
Neutrophil	561	562	3.26090528066938
Neutrophil	562	563	3.18199141046548
Neutrophil	563	564	3.60348182054714
Neutrophil	564	565	3.99926006467724
Neutrophil	565	566	2.21738727657938
Neutrophil	566	567	3.12252984021938
Neutrophil	567	568	3.97356791975802
Neutrophil	568	569	3.27019443539099
Neutrophil	569	570	3.0555413050492
Neutrophil	570	571	3.13804849573425
Neutrophil	571	572	4.06790798138752
Neutrophil	572	573	3.31663686804316
Neutrophil	573	574	1.79134292404771
Neutrophil	574	575	4.3476871695562
Neutrophil	575	576	2.38975337871679
Neutrophil	576	577	3.60143045099591
Neutrophil	577	578	2.18359334394458
Neutrophil	578	579	3.55656312846758
Neutrophil	579	580	3.56458930908625
Neutrophil	580	581	3.03034785596333
Neutrophil	581	582	4.43360154814265
Neutrophil	582	583	3.65768499007192
Neutrophil	583	584	1.73416197744472
Neutrophil	584	585	2.60966224193145
Neutrophil	585	586	2.66382902245584
Neutrophil	586	587	3.41672776300893
Neutrophil	587	588	3.12686252994284
Neutrophil	588	589	4.16758452257288
Neutrophil	589	590	1.62628860278596
Neutrophil	590	591	3.01823971592423
Neutrophil	591	592	3.15365545697618
Neutrophil	592	593	1.97030160217947
Neutrophil	593	594	3.49868219292751
Neutrophil	594	595	3.46372789428653
Neutrophil	595	596	2.9825603316472
Neutrophil	596	597	2.02995669182773
Neutrophil	597	598	3.49392524886301
Neutrophil	598	599	3.90190408616494
Neutrophil	599	600	2.52844697628231
Neutrophil	600	601	3.55999457384193
Neutrophil	601	602	3.55739026778121
Neutrophil	602	603	1.55509256341837
Neutrophil	603	604	1.9284579948231
Neutrophil	604	605	2.88514538820607
Neutrophil	605	606	4.07989964972856
Neutrophil	606	607	4.10368750034443
Neutrophil	607	608	2.14660046958063
Neutrophil	608	609	3.76364510468663
Neutrophil	609	610	3.09410211918227
Neutrophil	610	611	3.37220064782206
Neutrophil	611	612	3.03806921055322
Neutrophil	612	613	3.79926009890277
Neutrophil	613	614	2.28135337588791
Neutrophil	614	615	4.31231051999144
Neutrophil	615	616	3.44960032414233
Neutrophil	616	617	4.09034798253762
Neutrophil	617	618	3.17610728007236
Neutrophil	618	619	3.89811024513813
Neutrophil	619	620	3.05135073328823
Neutrophil	620	621	3.04214459805828
Neutrophil	621	622	2.86736616335397
Neutrophil	622	623	2.10723100359207
Neutrophil	623	624	2.66134840072109
Neutrophil	624	625	3.97250199487408
Neutrophil	625	626	2.12455791305678
Neutrophil	626	627	3.17208366336144
Neutrophil	627	628	2.49514328641769
Neutrophil	628	629	2.41534932603235
Neutrophil	629	630	2.06763174829063
Neutrophil	630	631	4.01898878933024
Neutrophil	631	632	1.54981001079568
Neutrophil	632	633	3.16662513452432
Neutrophil	633	634	2.57031998938071
Neutrophil	634	635	3.48647637127768
Neutrophil	635	636	3.16880465833313
Neutrophil	636	637	2.59005135917736
Neutrophil	637	638	1.75442353071454
Neutrophil	638	639	1.87049181002277
Neutrophil	689	690	2.64783013436272
Neutrophil	690	691	2.91187796311713
Neutrophil	691	692	3.66229582317582
Neutrophil	692	693	1.85304836424335
Neutrophil	693	694	3.04483995348281
Neutrophil	694	695	3.6057751411999
Neutrophil	695	696	3.86859344750081
Neutrophil	696	697	2.94595604646119
Neutrophil	697	698	2.69159272906391
Neutrophil	698	699	3.59796899518183
Neutrophil	699	700	2.14493407592794
Neutrophil	700	701	2.86385240896794
Neutrophil	701	702	2.72292246317371
Neutrophil	702	703	2.89881703274323
Neutrophil	703	704	3.37310698435427
Neutrophil	704	705	3.41767832420624
Neutrophil	705	706	2.16584945476847
Neutrophil	706	707	2.2043674648486
Neutrophil	707	708	3.66414644146795
Neutrophil	708	709	3.50221371104334
Neutrophil	709	710	2.80505290599323
Neutrophil	710	711	2.75679354111974
Neutrophil	711	712	2.49514328641769
Neutrophil	712	713	3.32797129238541
Neutrophil	713	714	2.6349196056325
Neutrophil	714	715	3.31085138570463
Neutrophil	715	716	3.48111894329399
Neutrophil	716	717	4.03386007159469
Neutrophil	717	718	3.59108382482171
Neutrophil	718	719	2.77071571176526
Neutrophil	719	720	3.47959383902442
Neutrophil	720	721	2.7485446566073
Neutrophil	721	722	2.55430803147033
Neutrophil	722	723	3.35106270170151
Neutrophil	723	724	2.77634671238211
Neutrophil	724	725	2.87878327286527
Neutrophil	725	726	3.39903455060121
Neutrophil	726	727	4.40537429034074
Neutrophil	727	728	2.77564086932778
Neutrophil	728	729	2.03804222210607
Neutrophil	729	730	2.34364567757376
Neutrophil	730	731	3.56320061122871
Neutrophil	731	732	1.94986340274285
Neutrophil	732	733	2.30836545590955
Neutrophil	733	734	3.38542940023076
Neutrophil	734	735	2.66320820330355
Neutrophil	735	736	2.36404808027361
Neutrophil	736	737	2.47198915915551
Neutrophil	737	738	4.37877331687369
Neutrophil	738	739	3.7795426193001
Neutrophil	739	740	4.3015691969988
Neutrophil	740	741	1.28586639572104
Neutrophil	741	742	2.82050467420199
Neutrophil	742	743	3.69680991683823
Neutrophil	743	744	2.45042047371683
Neutrophil	744	745	3.80640178456126
Neutrophil	745	746	4.08132961786659
Neutrophil	746	747	1.69932846649554
Neutrophil	747	748	2.30836545590955
Neutrophil	748	749	3.04452243772342
Neutrophil	749	750	3.73647940907581
Neutrophil	750	751	4.06759441170404
Neutrophil	751	752	2.80870754634717
Neutrophil	752	753	2.16790310503083
Neutrophil	753	754	1.57513992864223
Neutrophil	754	755	2.23062151051123
Neutrophil	755	756	3.13139037355954
Neutrophil	756	757	2.92429778308539
Neutrophil	757	758	2.49005561298419
Neutrophil	758	759	3.39679973541275
Neutrophil	759	760	4.03086742452045
Neutrophil	760	761	2.08009806867573
Neutrophil	761	762	3.66229582317582
Neutrophil	762	763	2.59922443837022
Neutrophil	763	764	2.83774250824316
Neutrophil	764	765	1.84313693515726
Neutrophil	765	766	3.41482953045221
Neutrophil	766	767	2.69609232780348
Neutrophil	767	768	2.07065390954384
Neutrophil	768	769	3.52246197860453
Neutrophil	769	770	3.38130384114258
Neutrophil	770	771	2.33742477636058
Neutrophil	771	772	1.99899325293938
Neutrophil	772	773	2.8238510755546
Neutrophil	773	774	1.42038944920325
Neutrophil	774	775	2.43793040895244
Neutrophil	775	776	2.62022784104085
Neutrophil	776	777	3.39373555861804
Neutrophil	777	778	2.73631460156675
Neutrophil	778	779	2.69867397199536
Neutrophil	825	826	1.79635756285368
Neutrophil	830	831	3.02473939887398
Neutrophil	831	832	2.28981535211792
Neutrophil	832	833	2.53912739363407
Neutrophil	833	834	2.52738625588589
Neutrophil	834	835	2.88116376274183
Neutrophil	835	836	3.32280215749681
Neutrophil	836	837	2.54343727095434
Neutrophil	837	838	2.64175437844846
Neutrophil	838	839	2.88594384543757
Neutrophil	839	840	2.76025351800718
Neutrophil	840	841	3.39605598216174
Neutrophil	841	842	2.71630231094652
Neutrophil	842	843	1.72386818199627
Neutrophil	843	844	2.57423016653601
Neutrophil	844	845	2.13896399210728
Neutrophil	845	846	2.53270310735032
Neutrophil	846	847	2.07795546246933
Neutrophil	847	848	2.75541334761285
Neutrophil	848	849	1.71335126959398
Neutrophil	900	901	3.42771789382755
Neutrophil	901	902	2.11296423371848
Neutrophil	902	903	3.95330554124243
Neutrophil	903	904	2.52526876846663
Neutrophil	904	905	3.70579899997254
Neutrophil	905	906	1.89505454071788
Neutrophil	947	948	3.62922991617639
Neutrophil	948	949	1.72880552249059
Neutrophil	951	952	2.53590920424037
Neutrophil	952	953	2.74037240642779
Neutrophil	953	954	2.59347982111894
Neutrophil	954	955	2.68266252412226
Neutrophil	955	956	1.59331490451863
Neutrophil	956	957	2.50886156106496
Neutrophil	957	958	1.91353563432951
Neutrophil	958	959	2.53698058623264
Neutrophil	959	960	3.07256934163979
Neutrophil	960	961	1.79635756285368
Neutrophil	961	962	1.88931305995646
Neutrophil	962	963	1.87515212172843
Neutrophil	963	964	1.77325184657207
Neutrophil	985	986	3.62958708665427
Neutrophil	986	987	2.79345838500717
Neutrophil	987	988	2.81976273962706
Neutrophil	988	989	2.09090045948391
Neutrophil	989	990	1.49896467357776
Neutrophil	990	991	2.79778855331129
Neutrophil	1016	1017	3.7240358336175
Neutrophil	1019	1020	1.98261957474169
Neutrophil	1020	1021	2.82571565195042
Neutrophil	1021	1022	2.46408199502328
Neutrophil	1022	1023	2.56587293175947
Neutrophil	1023	1024	2.66881159069705
Neutrophil	1024	1025	2.59462568303322
Neutrophil	1025	1026	2.71104197595903
Neutrophil	1026	1027	3.06962755075182
Neutrophil	1027	1028	4.06571512741176
Neutrophil	1028	1029	2.36230432769567
Neutrophil	1029	1030	2.60849622829458
Neutrophil	1030	1031	2.82422367774739
Neutrophil	1031	1032	4.05312468091749
Neutrophil	1032	1033	2.37076667893736
Neutrophil	1033	1034	2.7687533215101
Neutrophil	1034	1035	1.89601581014423
Neutrophil	1035	1036	2.26662408500306
Neutrophil	1078	1079	2.89719772296656
Neutrophil	1079	1080	2.92346442748101
Neutrophil	1080	1081	3.50039436339602
Neutrophil	1081	1082	2.15094959722266
Neutrophil	1082	1083	2.14760199418497
Neutrophil	1083	1084	2.08409291695351
Neutrophil	1084	1085	2.70191178897047
Neutrophil	1085	1086	2.75403531434403
Neutrophil	1086	1087	3.46447737124293
Neutrophil	1087	1088	2.42000376355257
Neutrophil	1088	1089	2.48802906944303
Neutrophil	1089	1090	2.34336188875274
Neutrophil	1090	1091	1.93755687852634
Neutrophil	1091	1092	3.44078598747238
Neutrophil	1092	1093	2.47397757925581
Neutrophil	1093	1094	3.00173715267589
Neutrophil	1094	1095	2.11232513354973
Neutrophil	1095	1096	2.43222783387641
Neutrophil	1096	1097	2.33153014356912
Neutrophil	1158	1159	1.54428018710154
Neutrophil	1159	1160	3.36184054168797
Neutrophil	1160	1161	1.53736192508292
Neutrophil	1161	1162	2.46703850400489
Neutrophil	1162	1163	3.29237665493943
Neutrophil	1170	1171	3.50743130219864
Neutrophil	1176	1177	2.21738727657938
Neutrophil	1177	1178	2.41303178782513
Neutrophil	1178	1179	1.27387154757046
Neutrophil	1179	1180	2.65558766461418
Neutrophil	1180	1181	2.42821184457948
Neutrophil	1181	1182	2.36317574491912
Neutrophil	1182	1183	2.84534274510819
Neutrophil	1183	1184	2.49005561298419
Neutrophil	1184	1185	2.28319694232726
Neutrophil	1185	1186	2.61223303079773
Neutrophil	1186	1187	2.40933704521816
Neutrophil	1187	1188	1.63023814234886
Neutrophil	1188	1189	1.99789063329586
Neutrophil	1189	1190	3.05448153486116
Neutrophil	1190	1191	2.15464838700388
Neutrophil	1191	1192	1.49573242484409
Neutrophil	1192	1193	2.06222136969842
Neutrophil	1193	1194	3.54997196484839
Neutrophil	1194	1195	1.97242949798354
Neutrophil	1195	1196	1.26686859497232
Neutrophil	1196	1197	2.28636707631473
Neutrophil	1197	1198	2.27990778048484
Neutrophil	1198	1199	1.48560448424277
Neutrophil	1199	1200	2.20616318433703
Neutrophil	1200	1201	1.43119589310499
Neutrophil	1201	1202	1.87421768819367
Neutrophil	1202	1203	3.81323613555721
Neutrophil	1203	1204	2.69287596471807
Neutrophil	1204	1205	2.21811682755416
Neutrophil	1205	1206	2.22864710214279
Neutrophil	1206	1207	2.79058333601975
Neutrophil	1207	1208	2.7454711545167
Neutrophil	1208	1209	1.93908418398491
Neutrophil	1209	1210	3.11994003284882
Neutrophil	1210	1211	1.48851960674535
Neutrophil	1211	1212	2.92180003288302
Neutrophil	1212	1213	2.83623022199256
Neutrophil	1213	1214	2.57087749634893
Neutrophil	1214	1215	2.8153241126795
Neutrophil	1215	1216	2.08409291695351
Neutrophil	1216	1217	2.14161179298545
Neutrophil	1217	1218	2.08717988490301
Neutrophil	1218	1219	2.57311115383595
Neutrophil	1219	1220	2.11552585406241
Neutrophil	1220	1221	3.18754216161656
Neutrophil	1221	1222	2.62496545469943
Neutrophil	1222	1223	2.55157735805506
Neutrophil	1223	1224	1.97723927763111
Neutrophil	1224	1225	2.11552585406241
Neutrophil	1225	1226	2.17894638832927
Neutrophil	1226	1227	3.34233621087285
Neutrophil	1227	1228	2.83976289829583
Neutrophil	1228	1229	2.04738806487155
Neutrophil	1278	1279	3.95497787733106
Neutrophil	1279	1280	3.08145210306442
Neutrophil	1280	1281	2.7176223462617
Neutrophil	1281	1282	3.27998776586728
Neutrophil	1282	1283	2.78343635018663
Neutrophil	1283	1284	3.46148304504618
Neutrophil	1301	1302	2.35364026379433
Neutrophil	1302	1303	1.98315971203179
Neutrophil	1303	1304	2.1065965598764
Neutrophil	1304	1305	2.85763970874937
Neutrophil	1305	1306	2.63331922965075
Neutrophil	1306	1307	2.69287596471807
Neutrophil	1307	1308	3.34761523299085
Neutrophil	1308	1309	1.40117694408705
Neutrophil	1309	1310	3.72009844000801
Neutrophil	1310	1311	2.99992195783914
Neutrophil	1311	1312	2.16653341517194
Neutrophil	1312	1313	2.78914930889747
Neutrophil	1313	1314	3.00416308782747
Neutrophil	1314	1315	2.29461406874668
Neutrophil	1315	1316	2.84534274510819
Neutrophil	1316	1317	3.78548539841715
Neutrophil	1317	1318	1.457426622874
Neutrophil	1318	1319	2.52157578583493
Neutrophil	1319	1320	1.70704279903129
Neutrophil	1320	1321	2.11168655381106
Neutrophil	1321	1322	2.35306587464139
Neutrophil	1322	1323	2.93183297968347
Neutrophil	1323	1324	2.88541146141044
Neutrophil	1324	1325	2.37724451201169
Neutrophil	1325	1326	2.68775430148231
Neutrophil	1326	1327	1.92394980709506
Neutrophil	1327	1328	2.84320812703878
Neutrophil	1328	1329	2.8207521236184
Neutrophil	1329	1330	2.50541114883216
Neutrophil	1330	1331	2.81507817223879
Neutrophil	1331	1332	3.1622815318928
Neutrophil	1332	1333	2.8148322999739
Neutrophil	1333	1334	3.48111894329399
Neutrophil	1334	1335	1.70889228297558
Neutrophil	1335	1336	1.85988428510494
Neutrophil	1336	1337	2.85712393248333
Neutrophil	1337	1338	2.91806638888802
Neutrophil	1338	1339	2.80797541146635
Neutrophil	1339	1340	3.23202500397852
Neutrophil	1340	1341	4.05034895067401
Neutrophil	1341	1342	1.90911670117351
Neutrophil	1342	1343	2.35450259671688
Neutrophil	1343	1344	3.24536400033678
Neutrophil	1344	1345	2.59462568303322
Neutrophil	1345	1346	2.62259340289127
Neutrophil	1346	1347	1.97509782045003
Neutrophil	1347	1348	3.19536986156097
Neutrophil	1348	1349	2.37990917642859
Neutrophil	1349	1350	2.1439359234252
Neutrophil	1350	1351	1.26851931163146
Neutrophil	1351	1352	2.74763286906502
Neutrophil	1352	1353	2.16927515978799
Neutrophil	1353	1354	3.27875792782827
Neutrophil	1354	1355	2.75403531434403
Neutrophil	1355	1356	3.00940095890205
Neutrophil	1356	1357	3.09847030588739
Neutrophil	1357	1358	2.57199359828721
Neutrophil	1358	1359	3.76022387090402
Neutrophil	1359	1360	3.55739026778121
Neutrophil	1360	1361	2.52844697628231
Neutrophil	1361	1362	2.08625250945725
Neutrophil	1362	1363	3.78093759853188
Neutrophil	1363	1364	1.63753974531612
Neutrophil	1364	1365	1.83071487204225
Neutrophil	1365	1366	3.32797129238541
Neutrophil	1366	1367	2.80286733634645
Neutrophil	1367	1368	2.05684853102173
Neutrophil	1368	1369	2.66351855748331
Neutrophil	1369	1370	2.27558632983163
Neutrophil	1370	1371	1.8737509171921
Neutrophil	1371	1372	3.0691381742014
Neutrophil	1372	1373	1.29522471346877
Neutrophil	1373	1374	2.51510783485049
Neutrophil	1374	1375	3.35396016875656
Neutrophil	1375	1376	3.3930405529527
Neutrophil	1376	1377	3.11375422929274
Neutrophil	1377	1378	2.04328530216936
Neutrophil	1378	1379	3.12304868192834
Neutrophil	1379	1380	3.69535034033679
Neutrophil	1380	1381	2.52844697628231
Neutrophil	1381	1382	2.29944114250408
Neutrophil	1382	1383	1.57392569303943
Neutrophil	1383	1384	2.36317574491912
Neutrophil	1384	1385	2.49821061541436
Neutrophil	1385	1386	2.27089805024348
Neutrophil	1386	1387	2.89935745399529
Neutrophil	1387	1388	1.68415373591483
Neutrophil	1388	1389	2.10216979275739
Neutrophil	1389	1390	1.98370023447069
Neutrophil	1390	1391	1.95401084829981
Neutrophil	1391	1392	1.37478077060808
Neutrophil	1392	1393	2.17087888921422
Neutrophil	1393	1394	1.84740032127281
Neutrophil	1394	1395	3.62187835639652
Neutrophil	1395	1396	2.54994312838816
Neutrophil	1396	1397	2.68393268459487
Neutrophil	1397	1398	2.92180003288302
Neutrophil	1398	1399	1.35460131059193
Neutrophil	1399	1400	2.2926111748578
Neutrophil	1400	1401	2.59807244573354
Neutrophil	1401	1402	2.54235776083478
Neutrophil	1402	1403	2.88010498435448
Neutrophil	1403	1404	1.48905107788722
Neutrophil	1404	1405	2.92903479229075
Neutrophil	1405	1406	3.47427537347697
Neutrophil	1406	1407	1.90618529968292
Neutrophil	1407	1408	2.12715767699375
Neutrophil	1408	1409	1.95765872924939
Neutrophil	1409	1410	2.5809750428345
Neutrophil	1410	1411	2.82870714041151
Neutrophil	1411	1412	3.2966626298828
Neutrophil	1412	1413	2.92763895945081
Neutrophil	1413	1414	2.76581789952033
Neutrophil	1414	1415	3.01454642036821
Neutrophil	1415	1416	2.5631051891196
Neutrophil	1416	1417	3.83138445240398
Neutrophil	1417	1418	1.62990812602853
Neutrophil	1418	1419	1.90813827921168
Neutrophil	1419	1420	2.35421505243164
Neutrophil	1420	1421	2.33027248109574
Neutrophil	1421	1422	2.67382284830196
Neutrophil	1422	1423	3.13118090288258
Neutrophil	1423	1424	2.39065411154181
Neutrophil	1424	1425	2.05803927498675
Neutrophil	1425	1426	3.47351804324178
Neutrophil	1426	1427	2.98910659858185
Neutrophil	1427	1428	1.91034154607757
Neutrophil	1428	1429	2.8153241126795
Neutrophil	1429	1430	3.59280042758595
Neutrophil	1430	1431	2.6753947990442
Neutrophil	1431	1432	1.62138413570584
Neutrophil	1432	1433	2.0952636775549
Neutrophil	1433	1434	2.41442153948435
Neutrophil	1434	1435	2.08594362943213
Neutrophil	1435	1436	3.51689642693579
Neutrophil	1436	1437	3.08742236747671
Neutrophil	1437	1438	2.21012798217213
Neutrophil	1438	1439	2.71982683432638
Neutrophil	1439	1440	1.99322224393954
Neutrophil	1440	1441	1.8116156410013
Neutrophil	1441	1442	3.35248074420133
Neutrophil	1442	1443	1.54167716546894
Neutrophil	1443	1444	2.30565082831577
Neutrophil	1444	1445	2.43888461733157
Neutrophil	1445	1446	1.82720448804516
Neutrophil	1446	1447	2.64054431873684
Neutrophil	1447	1448	3.08792165704797
Neutrophil	1448	1449	1.94342854586494
Neutrophil	1449	1450	2.6237786154663
Neutrophil	1450	1451	3.24734194735429
Neutrophil	1451	1452	1.48060079609995
Neutrophil	1452	1453	2.15498549876768
Neutrophil	1453	1454	3.08542793606403
Neutrophil	1454	1455	3.51689642693579
Neutrophil	1455	1456	2.97841908235231
Neutrophil	1456	1457	2.21665838732908
Neutrophil	1457	1458	1.96685650847627
Neutrophil	1458	1459	1.97163083458408
Neutrophil	1459	1460	3.00264611680576
Neutrophil	1460	1461	2.97429673483596
Neutrophil	1461	1462	2.70451070411338
Neutrophil	1462	1463	2.75644828987111
Neutrophil	1463	1464	2.02708950432037
Neutrophil	1464	1465	3.31127556472947
Neutrophil	1465	1466	2.42797620813643
Neutrophil	1466	1467	2.24937039673295
Neutrophil	1467	1468	1.40697028361965
Neutrophil	1468	1469	3.95665312444481
Neutrophil	1469	1470	2.79201969233477
Neutrophil	1470	1471	2.55430803147033
Neutrophil	1471	1472	3.53989989481686
Neutrophil	1472	1473	2.69673702406138
Neutrophil	1473	1474	2.41907080164453
Neutrophil	1474	1475	3.04642919776342
Neutrophil	1475	1476	2.90247121971811
Neutrophil	1476	1477	2.65272155719082
Neutrophil	1477	1478	1.37632774831061
Neutrophil	1478	1479	2.92680249952108
Neutrophil	1479	1480	3.14457819649571
Neutrophil	1480	1481	2.64417957597193
Neutrophil	1481	1482	1.71821436207196
Neutrophil	1482	1483	3.29737888635614
Neutrophil	1483	1484	1.46046730918825
Neutrophil	1484	1485	2.50128907920595
Neutrophil	1485	1486	3.33186707133279
Neutrophil	1486	1487	2.40428332153369
Neutrophil	1487	1488	2.9539628606777
Neutrophil	1488	1489	2.73564011947091
Neutrophil	1489	1490	3.13139037355954
Neutrophil	1490	1491	3.35336811722621
Neutrophil	1491	1492	2.70842361410132
Neutrophil	1492	1493	2.91765249663006
Neutrophil	1493	1494	2.4369772841275
Neutrophil	1494	1495	2.74922911801904
Neutrophil	1495	1496	2.39789527279837
Neutrophil	1496	1497	2.09401455295064
Neutrophil	1497	1498	2.23582745870222
Neutrophil	1498	1499	3.29362468851278
Neutrophil	1499	1500	2.04153363933547
Neutrophil	1500	1501	2.30999856153725
Neutrophil	1501	1502	2.14161179298545
Neutrophil	1502	1503	2.42468423852617
Neutrophil	1503	1504	1.78801928284575
Neutrophil	1504	1505	2.81384949195747
Neutrophil	1505	1506	2.37370487983012
Neutrophil	1506	1507	2.91407340489151
Neutrophil	1507	1508	2.30836545590955
Neutrophil	1508	1509	2.64661157397984
Neutrophil	1509	1510	3.43060621208361
Neutrophil	1510	1511	1.74734361007703
Neutrophil	1511	1512	3.11684190467481
Neutrophil	1512	1513	2.48298383639514
Neutrophil	1513	1514	1.81850243568804
Neutrophil	1514	1515	2.97136368253703
Neutrophil	1515	1516	3.59969814120897
Neutrophil	1516	1517	2.67382284830196
Neutrophil	1517	1518	1.91156841590416
Neutrophil	1518	1519	2.18452599399909
Neutrophil	1519	1520	2.57199359828721
Neutrophil	1520	1521	2.95741626052516
Neutrophil	1521	1522	2.50541114883216
Neutrophil	1522	1523	1.98858234946178
Neutrophil	1523	1524	3.51570807294885
Neutrophil	1524	1525	1.73033175497897
Neutrophil	1525	1526	3.37765190959656
Neutrophil	1526	1527	3.48878178667972
Neutrophil	1527	1528	3.08294101090367
Neutrophil	1528	1529	2.22988054031027
Neutrophil	1529	1530	2.51336814961756
Neutrophil	1530	1531	1.88172665405828
Neutrophil	1531	1532	2.60966224193145
Neutrophil	1532	1533	1.87002740356441
Neutrophil	1533	1534	2.6650719917609
Neutrophil	1534	1535	2.60907903815974
Neutrophil	1535	1536	2.24332327423726
Neutrophil	1536	1537	2.68139421110004
Neutrophil	1537	1538	3.98558757040558
Neutrophil	1538	1539	1.67916899080944
Neutrophil	1539	1540	2.83472050334679
Neutrophil	1540	1541	2.19155582876359
Neutrophil	1541	1542	2.14227513280625
Neutrophil	1542	1543	3.38818992667398
Neutrophil	1543	1544	2.95310157498338
Neutrophil	1544	1545	2.244830820355
Neutrophil	1545	1546	2.2463411830498
Neutrophil	1546	1547	2.87325333791181
Neutrophil	1547	1548	2.93267413758685
Neutrophil	1548	1549	2.46309879101677
Neutrophil	1549	1550	2.72159442620997
Neutrophil	1550	1551	3.63856034392423
Neutrophil	1551	1552	3.1209750768364
Neutrophil	1552	1553	2.26701169951506
Neutrophil	1553	1554	2.12650693025845
Neutrophil	1554	1555	2.6237786154663
Neutrophil	1555	1556	2.6788631072448
Neutrophil	1556	1557	3.21122760402994
Neutrophil	1557	1558	3.27263308627045
Neutrophil	1558	1559	2.44031796656247
Neutrophil	1559	1560	2.367546638764
Neutrophil	1560	1561	1.54370083335211
Neutrophil	1561	1562	2.1651660828208
Neutrophil	1562	1563	2.70842361410132
Neutrophil	1563	1564	2.88914482177887
Neutrophil	1564	1565	2.3501999032919
Neutrophil	1565	1566	2.38079930126505
Neutrophil	1566	1567	3.09847030588739
Neutrophil	1567	1568	2.96088294434551
Neutrophil	1568	1569	3.12825333063389
Neutrophil	1569	1570	3.5264575884357
Neutrophil	1570	1571	2.51894771481597
Neutrophil	1571	1572	2.18312742758118
Neutrophil	1572	1573	1.67952384541575
Neutrophil	1573	1574	2.83321334405622
Neutrophil	1574	1575	2.75956043448145
Neutrophil	1575	1576	2.49310454952002
Neutrophil	1576	1577	2.65517764120922
Neutrophil	1577	1578	2.61786873595803
Neutrophil	1578	1579	1.86355644233966
Neutrophil	1579	1580	3.32366168837998
Neutrophil	1580	1581	2.58891156723466
Neutrophil	1581	1582	1.66269508910763
Neutrophil	1582	1583	2.65517764120922
Neutrophil	1583	1584	2.64783013436272
Neutrophil	1584	1585	2.55540274557796
Neutrophil	1585	1586	2.77705312026539
Neutrophil	1586	1587	2.76233604598158
Neutrophil	1587	1588	2.47597069172121
Neutrophil	1588	1589	2.42093776694553
Neutrophil	1589	1590	2.21085096477858
Neutrophil	1590	1591	2.55540274557796
Neutrophil	1591	1592	2.25393558389386
Neutrophil	1592	1593	2.84001577002228
Neutrophil	1593	1594	2.98285686282472
Neutrophil	1594	1595	1.97616779134565
Neutrophil	1595	1596	2.38975337871679
Neutrophil	1596	1597	2.64783013436272
Neutrophil	1597	1598	2.2122988870065
Neutrophil	1598	1599	2.10280065697647
Neutrophil	1599	1600	2.51999796959927
Neutrophil	1600	1601	2.41442153948435
Neutrophil	1601	1602	1.71633991396968
Neutrophil	1602	1603	2.28425228445576
Neutrophil	1603	1604	2.35969556704636
Neutrophil	1604	1605	2.58663650393941
Neutrophil	1605	1606	2.35277882971183
Neutrophil	1606	1607	2.96262129824963
Neutrophil	1607	1608	2.43936212856741
Neutrophil	1608	1609	1.99130826597491
Neutrophil	1609	1610	2.43222783387641
Neutrophil	1610	1611	2.04974233716016
Neutrophil	1611	1612	2.244830820355
Neutrophil	1612	1613	2.23433661255518
Neutrophil	1613	1614	2.14760199418497
Neutrophil	1614	1615	2.26778748391074
Neutrophil	1615	1616	2.63451923430677
Neutrophil	1616	1617	1.8921782169751
Neutrophil	1617	1618	2.14028678255424
Neutrophil	1618	1619	2.25393558389386
Neutrophil	1619	1620	2.10723100359207
Neutrophil	1620	1621	3.99775905973548
Neutrophil	1621	1622	2.44367199273037
Neutrophil	1622	1623	1.9681796845285
Neutrophil	1623	1624	3.3125492643081
Neutrophil	1624	1625	2.45917740382218
Neutrophil	1625	1626	3.13769685999149
Neutrophil	1626	1627	2.23284851693176
Neutrophil	1627	1628	2.65640829245281
Neutrophil	1628	1629	3.17610728007236
Neutrophil	1629	1630	3.39884811191223
Neutrophil	1630	1631	2.29702404179837
Neutrophil	1631	1632	2.67382284830196
Neutrophil	1632	1633	3.60143045099591
Neutrophil	1633	1634	2.91023490139558
Neutrophil	1634	1635	3.02163850259227
Neutrophil	1635	1636	2.63271985032604
Neutrophil	1636	1637	3.13875217204967
Neutrophil	1637	1638	2.41256905039555
Neutrophil	1638	1639	3.27100660630339
Neutrophil	1639	1640	3.35603531432954
Neutrophil	1640	1641	2.50026168277011
Neutrophil	1641	1642	1.94317229655797
Neutrophil	1642	1643	2.45235860004741
Neutrophil	1643	1644	3.1744957204248
Neutrophil	1644	1645	2.78296193316271
Neutrophil	1645	1646	2.45235860004741
Neutrophil	1646	1647	2.4920870175616
Neutrophil	1647	1648	2.84840110633084
Neutrophil	1648	1649	2.12067431022148
Neutrophil	1649	1650	3.42340204021612
Neutrophil	1650	1651	2.45527418491153
Neutrophil	1651	1652	2.89881703274323
Neutrophil	1652	1653	2.94538684653599
Neutrophil	1653	1654	3.06767161959039
Neutrophil	1654	1655	2.64296612938031
Neutrophil	1655	1656	2.54560039204683
Neutrophil	1656	1657	3.11375422929274
Neutrophil	1657	1658	3.11581152147072
Neutrophil	1658	1659	2.06702872660313
Neutrophil	1659	1660	3.89056723872004
Neutrophil	1660	1661	2.71828311052169
Neutrophil	1661	1662	3.17757478842262
Neutrophil	1662	1663	3.81359719421543
Neutrophil	1663	1664	2.4601560412261
Neutrophil	1664	1665	3.10252109919077
Neutrophil	1665	1666	2.41395803210652
Neutrophil	1666	1667	2.9725357600377
Neutrophil	1667	1668	2.06582408852915
Neutrophil	1668	1669	3.19987287774259
Neutrophil	1669	1670	3.36498146058314
Neutrophil	1670	1671	2.59462568303322
Neutrophil	1671	1672	1.96290084905076
Neutrophil	1672	1673	2.30186540962365
Neutrophil	1673	1674	2.75265943494018
Neutrophil	1674	1675	3.80568521141255
Neutrophil	1675	1676	2.96262129824963
Neutrophil	1676	1677	2.76651592364488
Neutrophil	1677	1678	2.4601560412261
Neutrophil	1678	1679	2.70061522261469
Neutrophil	1679	1680	3.55309703205174
Neutrophil	1680	1681	1.9650079517119
Neutrophil	1681	1682	3.39327216411066
Neutrophil	1682	1683	2.27245780891882
Neutrophil	1683	1684	2.89396786284092
Neutrophil	1684	1685	2.45917740382218
Neutrophil	1685	1686	3.12929781860078
Neutrophil	1686	1687	2.14960885591511
Neutrophil	1687	1688	3.30746490399945
Neutrophil	1688	1689	2.5242119953515
Neutrophil	1689	1690	1.96027522819815
Neutrophil	1690	1691	1.93047041241648
Neutrophil	1691	1692	2.03688192726104
Neutrophil	1692	1693	2.28346064977596
Neutrophil	1693	1694	2.0485643031154
Neutrophil	1694	1695	2.08347698886162
Neutrophil	1695	1696	2.28901830154527
Neutrophil	1696	1697	2.12780896223697
Neutrophil	1697	1698	3.00264611680576
Neutrophil	1698	1699	2.34677381447963
Neutrophil	1699	1700	2.4769690140238
Neutrophil	1700	1701	2.22177454674826
Neutrophil	1701	1702	2.91599883391825
Neutrophil	1702	1703	2.96088294434551
Neutrophil	1703	1704	1.97831228314442
Neutrophil	1704	1705	2.35622996600174
Neutrophil	1705	1706	2.97665005709066
Neutrophil	1706	1707	2.6237786154663
Neutrophil	1707	1708	2.47000541095191
Neutrophil	1708	1709	2.18382640423796
Neutrophil	1709	1710	2.59462568303322
Neutrophil	1710	1711	2.06042627556635
Neutrophil	1711	1712	2.71301090015572
Neutrophil	1712	1713	2.07734437208911
Neutrophil	1713	1714	1.54981001079568
Neutrophil	1714	1715	3.21925990476154
Neutrophil	1715	1716	3.46597812152442
Neutrophil	1716	1717	2.62200140529596
Neutrophil	1717	1718	3.03977296311031
Neutrophil	1718	1719	2.29621992739132
Neutrophil	1719	1720	2.38975337871679
Neutrophil	1720	1721	2.48802906944303
Neutrophil	1721	1722	2.72558458699241
Neutrophil	1722	1723	3.52371591786175
Neutrophil	1723	1724	2.31163492851396
Neutrophil	1724	1725	2.41287751354085
Neutrophil	1725	1726	2.0242329918707
Neutrophil	1726	1727	2.96175170235254
Neutrophil	1727	1728	1.82110205144729
Neutrophil	1728	1729	2.35796095145531
Neutrophil	1729	1730	2.79273874617722
Neutrophil	1730	1731	1.53937212158794
Neutrophil	1731	1732	2.6291322625679
Neutrophil	2138	2139	2.65149611519828
Neutrophil	2139	2140	2.38347541227006
Neutrophil	2140	2141	2.4769690140238
Neutrophil	2141	2142	3.62424360463914
Neutrophil	2142	2143	2.97224259794176
Neutrophil	2143	2144	3.4291609402908
Neutrophil	2144	2145	3.10049345800505
Neutrophil	2145	2146	2.48097413751812
Neutrophil	2146	2147	2.91434821331261
Neutrophil	2147	2148	2.69932057657129
Neutrophil	2148	2149	3.01731498061465
Neutrophil	2149	2150	2.50644480133913
Neutrophil	2150	2151	2.30510898111946
Neutrophil	2151	2152	2.95482497057251
Neutrophil	2152	2153	3.14298560709183
Neutrophil	2153	2154	2.03688192726104
Neutrophil	2154	2155	2.5242119953515
Neutrophil	2155	2156	2.71366819340643
Neutrophil	2156	2157	2.50334761160488
Neutrophil	2157	2158	2.83321334405622
Neutrophil	2158	2159	2.33236965435157
Neutrophil	2159	2160	2.36930147343163
Neutrophil	2160	2161	2.72026839821151
Neutrophil	2161	2162	2.367546638764
Neutrophil	2162	2163	3.69808888532511
Neutrophil	2163	2164	2.5855012251463
Neutrophil	2164	2165	2.97665005709066
Neutrophil	2165	2166	2.45624829490049
Neutrophil	2166	2167	3.95330554124243
Neutrophil	2167	2168	1.92645099020739
Neutrophil	2168	2169	2.24861202924938
Neutrophil	2169	2170	2.67256732729802
Neutrophil	2170	2171	3.00173715267589
Neutrophil	2171	2172	2.17271569192232
Neutrophil	2172	2173	2.86385240896794
Neutrophil	2173	2174	2.45624829490049
Neutrophil	2174	2175	2.29863464792114
Neutrophil	2175	2176	2.77071571176526
Neutrophil	2176	2177	2.77212009670986
Neutrophil	2177	2178	3.1483050249213
Neutrophil	2178	2179	2.23508169123344
Neutrophil	2179	2180	2.49514328641769
Neutrophil	2180	2181	3.04642919776342
Neutrophil	2181	2182	2.01855170845776
Neutrophil	2182	2183	3.58765993285183
Neutrophil	2183	2184	2.4572235330968
Neutrophil	2184	2185	3.65676550346681
Neutrophil	2185	2186	2.62853577431505
Neutrophil	2186	2187	2.56864963920439
Neutrophil	2187	2188	3.0127054000116
Neutrophil	2188	2189	2.40611750073891
Neutrophil	2189	2190	3.22388137028609
Neutrophil	2190	2191	2.75956043448145
Neutrophil	2191	2192	2.5855012251463
Neutrophil	2192	2193	2.67760030638204
Neutrophil	2193	2194	2.32651099002087
Neutrophil	2194	2195	2.40153959170054
Neutrophil	2195	2196	3.71748252236686
Neutrophil	2196	2197	2.28346064977596
Neutrophil	2197	2198	2.57647257761808
Neutrophil	2198	2199	3.26170934572771
Neutrophil	2199	2200	2.68266252412226
Neutrophil	2200	2201	2.43412438824543
Neutrophil	2201	2202	3.12616792069372
Neutrophil	2202	2203	2.9539628606777
Neutrophil	2203	2204	2.71894437346008
Neutrophil	2204	2205	3.16445076684326
Neutrophil	2205	2206	2.27872692619724
Neutrophil	2206	2207	2.53270310735032
Neutrophil	2207	2208	2.97488449060745
Neutrophil	2208	2209	2.29141179239592
Neutrophil	2209	2210	2.85918883045948
Neutrophil	2210	2211	2.78557438458745
Neutrophil	2211	2212	2.93858438265142
Neutrophil	2212	2213	2.4890417349358
Neutrophil	2213	2214	3.04261966862113
Neutrophil	2214	2215	2.87957606515677
Neutrophil	2215	2216	2.72959298432882
Neutrophil	2216	2217	2.95828168230784
Neutrophil	2217	2218	2.75679354111974
Neutrophil	2218	2219	2.0767337617138
Neutrophil	2219	2220	3.62069794169786
Neutrophil	2220	2221	2.51267327103908
Neutrophil	2221	2222	2.52104952205033
Neutrophil	2222	2223	2.99449811570996
Neutrophil	2223	2224	3.0228775895135
Neutrophil	2224	2225	2.83020667073977
Neutrophil	2225	2226	2.1336948960358
Neutrophil	2226	2227	2.74581212479183
Neutrophil	2227	2228	4.32433989684724
Neutrophil	2228	2229	3.27834834396998
Neutrophil	2229	2230	2.60849622829458
Neutrophil	2230	2231	2.81335849607541
Neutrophil	2231	2232	2.86697506219861
Neutrophil	2232	2233	2.64661157397984
Neutrophil	2233	2234	3.19424753769429
Neutrophil	2234	2235	2.96610809164301
Neutrophil	2235	2236	2.60733178829351
Neutrophil	2236	2237	3.1465284567005
Neutrophil	2237	2238	2.71630231094652
Neutrophil	2238	2239	2.5642112138591
Neutrophil	2239	2240	1.94831399636671
Neutrophil	2240	2241	3.23788614470766
Neutrophil	2241	2242	3.33752324299727
Neutrophil	2242	2243	2.47497354765838
Neutrophil	2243	2244	2.47000541095191
Neutrophil	2244	2245	2.13500887353365
Neutrophil	2521	2522	2.37106003102387
Neutrophil	2523	2524	2.05684853102173
Neutrophil	2524	2525	3.27630313390433
Neutrophil	2537	2538	2.33827032138668
Neutrophil	2538	2539	1.94368488281696
Neutrophil	2539	2540	1.90326544635738
Neutrophil	2540	2541	1.83380048909946
Neutrophil	2541	2542	3.37700127878707
Neutrophil	2542	2543	2.1516208205362
Neutrophil	2543	2544	2.26185865965691
Neutrophil	2544	2545	1.93577895393732
Neutrophil	2545	2546	2.02537432040956
Neutrophil	2546	2547	2.87609302859772
Neutrophil	2547	2548	1.71372414789283
Neutrophil	2548	2549	3.81215377636766
Neutrophil	2549	2550	2.67319486153712
Neutrophil	2550	2551	3.29863366597572
Neutrophil	2551	2552	2.93858438265142
Neutrophil	2552	2553	2.35536583020814
Neutrophil	2553	2554	1.59675945417433
Neutrophil	2554	2555	2.52738625588589
Neutrophil	2555	2556	2.07247287236374
Neutrophil	2556	2557	3.16065796004906
Neutrophil	2557	2558	2.55103226779478
Neutrophil	2558	2559	3.78373368211098
Neutrophil	2559	2560	2.99179833952829
Neutrophil	2560	2561	2.38035411961224
Neutrophil	2561	2562	3.12706108651663
Neutrophil	2562	2563	2.13303872768881
Neutrophil	2563	2564	1.3631966075373
Neutrophil	2564	2565	1.33570886433178
Neutrophil	2565	2566	1.48270277071928
Neutrophil	2566	2567	1.94317229655797
Neutrophil	2567	2568	2.1439359234252
Neutrophil	2568	2569	2.16893192398403
Neutrophil	2569	2570	2.69932057657129
Neutrophil	2570	2571	2.30186540962365
Neutrophil	2571	2572	1.88931305995646
Neutrophil	2629	2630	2.66756327108501
Neutrophil	2630	2631	1.92896059074154
Neutrophil	2631	2632	2.28583786388265
Neutrophil	2632	2633	1.8912219276869
Neutrophil	2633	2634	2.47000541095191
Neutrophil	2634	2635	2.78343635018663
Neutrophil	2635	2636	1.72614261478103
Neutrophil	2636	2637	2.3215222940138
Neutrophil	2637	2638	2.91434821331261
Neutrophil	2638	2639	2.54451814694951
Neutrophil	2639	2640	3.13086678662426
Neutrophil	2640	2641	3.02847451697885
Neutrophil	2641	2642	2.92931421926386
Neutrophil	2642	2643	2.16996207632236
Neutrophil	2643	2644	2.95741626052516
Neutrophil	2644	2645	2.854549518702
Neutrophil	2645	2646	2.85147000782561
Neutrophil	2646	2647	1.6996938709958
Neutrophil	2647	2648	2.04738806487155
Neutrophil	2648	2649	2.59005135917736
Neutrophil	2649	2650	2.19651378210416
Neutrophil	2650	2651	2.81976273962706
Neutrophil	2749	2750	2.42593679707958
Neutrophil	2750	2751	1.71746397656373
Neutrophil	2751	2752	2.97665005709066
Neutrophil	2753	2754	2.23657391612477
Neutrophil	2754	2755	2.69888945370167
Neutrophil	2755	2756	2.5247402180092
Neutrophil	2764	2765	2.88195867041462
Neutrophil	2765	2766	3.42723737170989
Neutrophil	2766	2767	2.48600736536419
Neutrophil	2767	2768	2.62734402991088
Neutrophil	2768	2769	2.66258782702545
Neutrophil	2776	2777	2.11488466448506
Neutrophil	2777	2778	2.72159442620997
Neutrophil	2778	2779	3.58595262181841
Neutrophil	2779	2780	2.79309849241251
Neutrophil	2780	2781	2.0952636775549
Neutrophil	2781	2782	2.72892364500999
Neutrophil	2782	2783	1.79342808299749
Neutrophil	2783	2784	2.85578430928917
Neutrophil	2784	2785	3.36588081125865
Neutrophil	2785	2786	1.98532411759619
Neutrophil	2786	2787	3.77142787242869
Neutrophil	2787	2788	2.55613333366662
Neutrophil	2788	2789	1.8228403481643
Neutrophil	2789	2790	2.22324230506417
Neutrophil	2790	2791	2.86125852182094
Neutrophil	2791	2792	1.86171805783497
Neutrophil	2792	2793	2.3215222940138
Neutrophil	2793	2794	2.88355060949143
Neutrophil	2794	2795	2.12520704909252
Neutrophil	2795	2796	3.20485173922565
Neutrophil	2796	2797	2.83321334405622
Neutrophil	2797	2798	1.86217722080732
Neutrophil	2798	2799	2.47597069172121
Neutrophil	2799	2800	2.42374604759705
Neutrophil	2800	2801	2.0767337617138
Neutrophil	2801	2802	3.15472929572824
Neutrophil	2802	2803	2.19651378210416
Neutrophil	2803	2804	2.96088294434551
Neutrophil	2804	2805	4.132758752331
Neutrophil	2805	2806	1.80225274494389
Neutrophil	2806	2807	2.37547280874254
Neutrophil	2807	2808	2.05328726355058
Neutrophil	2808	2809	1.74421970334358
Neutrophil	2809	2810	3.29549989011899
Neutrophil	2810	2811	2.79201969233477
Neutrophil	2811	2812	2.16039887906589
Neutrophil	2812	2813	1.76397536465063
Neutrophil	2813	2814	3.91001610297037
Neutrophil	2814	2815	2.91958562893608
Neutrophil	2815	2816	2.95741626052516
Neutrophil	2816	2817	2.01742049224816
Neutrophil	2817	2818	1.84179578144619
Neutrophil	2818	2819	3.34629267128739
Neutrophil	2819	2820	2.12132024640761
Neutrophil	2820	2821	3.18135916509048
Neutrophil	2821	2822	2.17686406706107
Neutrophil	2822	2823	3.30493311606654
Neutrophil	2823	2824	3.10897179654093
Neutrophil	2824	2825	3.36565589232242
Neutrophil	2825	2826	2.42280890680479
Neutrophil	2826	2827	2.96262129824963
Neutrophil	2827	2828	2.79345838500717
Neutrophil	2828	2829	2.73969480276069
Neutrophil	2829	2830	3.29237665493943
Neutrophil	2830	2831	1.33715662181017
Neutrophil	2831	2832	2.35926157205627
Neutrophil	2832	2833	3.06442103708481
Neutrophil	2833	2834	2.24031659346273
Neutrophil	2834	2835	2.62496545469943
Neutrophil	2835	2836	1.36950713014174
Neutrophil	2836	2837	3.40036400298827
Neutrophil	2837	2838	2.99811039595896
Neutrophil	2838	2839	2.14827038255578
Neutrophil	2839	2840	3.35053149133856
Neutrophil	2960	2961	2.92346442748101
Neutrophil	2961	2962	2.59922443837022
Neutrophil	2962	2963	1.8737509171921
Neutrophil	2963	2964	2.54127961337563
Neutrophil	2964	2965	2.47896920370852
Neutrophil	2965	2966	2.35493410078318
Neutrophil	2966	2967	1.63288411833355
Neutrophil	2967	2968	1.97030160217947
Neutrophil	2968	2969	2.43128116281213
Neutrophil	2969	2970	2.40153959170054
Neutrophil	2970	2971	1.8964969142605
Neutrophil	2971	2972	2.49412330489292
Neutrophil	2972	2973	2.28109034946334
Neutrophil	2973	2974	3.78443398333915
Neutrophil	2974	2975	1.88598438812413
Neutrophil	2975	2976	3.18754216161656
Neutrophil	2976	2977	2.07551397826316
Neutrophil	2977	2978	3.15365545697618
Neutrophil	2978	2979	3.05153352479377
Neutrophil	2979	2980	3.36094507493944
Neutrophil	2980	2981	3.62069794169786
Neutrophil	2981	2982	2.24785437195001
Neutrophil	2982	2983	2.33742477636058
Neutrophil	2983	2984	2.61551605470547
Neutrophil	2984	2985	3.15079801255153
Neutrophil	2985	2986	2.92013871803569
Neutrophil	2986	2987	2.91517314401779
Neutrophil	2987	2988	2.38885361988142
Neutrophil	2988	2989	2.75610317393711
Neutrophil	2989	2990	1.97456340207795
Neutrophil	2990	2991	2.90125150034179
Neutrophil	2991	2992	3.78970266472691
Neutrophil	2992	2993	1.56160773930319
Neutrophil	2993	2994	3.48922155473555
Neutrophil	2994	2995	2.15566015291497
Neutrophil	2995	2996	1.58988818055765
Neutrophil	2996	2997	2.16175801784765
Neutrophil	2997	2998	2.83925737038806
Neutrophil	2998	2999	2.59807244573354
Neutrophil	2999	3000	1.99844174348819
Neutrophil	3000	3001	3.14510967462859
Neutrophil	3001	3002	2.39155582030483
Neutrophil	3123	3124	3.04642919776342
Neutrophil	3129	3130	2.99720597304345
Neutrophil	3133	3134	1.71148987556376
Neutrophil	3134	3135	3.45403873701122
Neutrophil	3145	3146	2.51580470673591
Neutrophil	3146	3147	1.66338806773757
Neutrophil	3147	3148	2.96610809164301
Neutrophil	3148	3149	1.98370023447069
Neutrophil	3149	3150	2.64905040833871
Neutrophil	3150	3151	2.94709552721833
Neutrophil	3151	3152	2.92013871803569
Neutrophil	3152	3153	3.10015595475971
Neutrophil	3153	3154	1.99514105315644
Neutrophil	3154	3155	2.31327456881637
Neutrophil	3198	3199	2.96960841540871
Neutrophil	3199	3200	1.86217722080732
Neutrophil	3200	3201	1.48060079609995
Neutrophil	3201	3202	2.37635818765399
Neutrophil	3202	3203	3.61189138558554
Neutrophil	3203	3204	2.34081217434162
Neutrophil	3204	3205	1.98424114254952
Neutrophil	3205	3206	2.58323515477029
Neutrophil	3206	3207	2.54560039204683
Neutrophil	3207	3208	2.80068714681371
Neutrophil	3208	3209	2.64661157397984
Neutrophil	3209	3210	1.70519823854357
Neutrophil	3210	3211	2.70581306370385
Neutrophil	3211	3212	3.14937261910123
Neutrophil	3212	3213	3.02009202040506
Macrophage	0	1	1.10599983066123
Macrophage	1	2	1.52994980251057
Macrophage	5	6	1.47132485104791
Macrophage	6	7	2.01661350324094
Macrophage	7	8	2.05303351419958
Macrophage	8	9	0.773719756183031
Macrophage	17	18	1.03804313576345
Macrophage	18	19	1.00642746344316
Macrophage	19	20	1.95245287211938
Macrophage	20	21	1.78203438275261
Macrophage	21	22	1.40194619387693
Macrophage	22	23	1.20583490794971
Macrophage	23	24	0.990940562616047
Macrophage	24	25	1.46596680812569
Macrophage	25	26	1.23765833805599
Macrophage	26	27	1.68558462127767
Macrophage	27	28	1.0668512921214
Macrophage	28	29	0.683343421962872
Macrophage	29	30	0.999757531275773
Macrophage	30	31	0.994253976049722
Macrophage	31	32	1.37191841883634
Macrophage	32	33	0.520669079360747
Macrophage	33	34	1.6326632224869
Macrophage	34	35	0.488531706806778
Macrophage	35	36	0.70068141082449
Macrophage	36	37	1.34908076477946
Macrophage	37	38	1.69908497081484
Macrophage	38	39	1.97331789277806
Macrophage	39	40	0.991686665160368
Macrophage	40	41	1.15556115858769
Macrophage	41	42	1.52919438138405
Macrophage	42	43	1.31780933190024
Macrophage	43	44	1.5498830864907
Macrophage	44	45	0.669561067785595
Macrophage	45	46	1.20543896462199
Macrophage	46	47	2.4439921233259
Macrophage	47	48	2.73901772124583
Macrophage	48	49	1.04131100401413
Macrophage	49	50	1.08975799532538
Macrophage	50	51	1.48435925693376
Macrophage	51	52	1.48719288207427
Macrophage	52	53	1.10410901788533
Macrophage	53	54	1.22504750161615
Macrophage	54	55	1.19558033718251
Macrophage	55	56	0.55186323799048
Macrophage	56	57	1.87715849306977
Macrophage	57	58	1.97106087713877
Macrophage	58	59	0.807473593348418
Macrophage	59	60	1.1213172934735
Macrophage	60	61	1.2744281462062
Macrophage	61	62	1.92486593338767
Macrophage	62	63	0.697931276301766
Macrophage	63	64	0.536449362515069
Macrophage	64	65	0.683149313538237
Macrophage	65	66	0.463452919329364
Macrophage	66	67	2.00982823774601
Macrophage	67	68	0.752605679272768
Macrophage	68	69	0.660296557085901
Macrophage	69	70	0.931744724191631
Macrophage	70	71	1.60965127990704
Macrophage	71	72	1.14640009004151
Macrophage	72	73	1.15930125268211
Macrophage	73	74	0.993717935306196
Macrophage	74	75	0.768534859629062
Macrophage	75	76	0.819425847506132
Macrophage	76	77	1.06804052885917
Macrophage	77	78	0.524947053932967
Macrophage	78	79	0.669374996242048
Macrophage	79	80	2.20460666176046
Macrophage	80	81	1.222365491311
Macrophage	81	82	1.32709704431859
Macrophage	82	83	0.627206065266655
Macrophage	83	84	0.909741140137114
Macrophage	84	85	1.15915113321375
Macrophage	85	86	1.80384008255858
Macrophage	86	87	1.32142593400253
Macrophage	87	88	0.68341624216215
Macrophage	88	89	2.20588358581073
Macrophage	89	90	2.06728710704496
Macrophage	90	91	1.43257030545092
Macrophage	91	92	2.3085286200516
Macrophage	92	93	0.538877480034847
Macrophage	93	94	1.40094635981223
Macrophage	94	95	2.11499149303896
Macrophage	95	96	0.995489245758375
Macrophage	96	97	1.51344028420563
Macrophage	97	98	0.549066590561402
Macrophage	98	99	0.953154632505979
Macrophage	99	100	2.51088904451572
Macrophage	100	101	2.62721171513298
Macrophage	101	102	2.28187968364256
Macrophage	102	103	2.01216349031619
Macrophage	103	104	0.743664873507012
Macrophage	104	105	1.91996529756053
Macrophage	105	106	0.497459216615591
Macrophage	106	107	0.56970999450194
Macrophage	107	108	1.08718861434908
Macrophage	108	109	1.86190168841776
Macrophage	109	110	0.478847460893463
Macrophage	110	111	2.45430120071192
Macrophage	111	112	0.973493069418636
Macrophage	112	113	2.51947268018556
Macrophage	113	114	1.76277429930554
Macrophage	114	115	1.92862548918588
Macrophage	115	116	1.97681050102484
Macrophage	116	117	0.94251038870959
Macrophage	117	118	1.23735434314252
Macrophage	118	119	1.51558480041936
Macrophage	119	120	2.5775959831465
Macrophage	120	121	3.06723753784702
Macrophage	121	122	1.608052686181
Macrophage	122	123	1.30545759854011
Macrophage	123	124	0.820278640603925
Macrophage	124	125	0.6777126649199
Macrophage	125	126	1.05605267424931
Macrophage	126	127	1.05219581949979
Macrophage	127	128	0.598103031678168
Macrophage	128	129	0.706301910611345
Macrophage	129	130	1.18075337823659
Macrophage	130	131	0.984594790283996
Macrophage	131	132	1.1683881240827
Macrophage	132	133	1.17484375980363
Macrophage	133	134	1.50203253862136
Macrophage	134	135	1.07377679038043
Macrophage	135	136	0.710908542701934
Macrophage	136	137	0.89493552513091
Macrophage	137	138	0.937755930692161
Macrophage	138	139	0.467668007733493
Macrophage	139	140	0.688578695108987
Macrophage	140	141	0.609488136579069
Macrophage	141	142	1.69266343470216
Macrophage	142	143	1.41470318139231
Macrophage	143	144	0.679818876631178
Macrophage	144	145	0.648145998752874
Macrophage	145	146	0.585802466965229
Macrophage	146	147	0.667890275770047
Macrophage	147	148	0.7099611916014
Macrophage	148	149	0.426647841969092
Macrophage	149	150	0.742220314657851
Macrophage	150	151	0.568777920410806
Macrophage	151	152	0.578379603233484
Macrophage	152	153	1.35529502976453
Macrophage	153	154	1.45673188579188
Macrophage	154	155	0.856936489224972
Macrophage	155	156	1.10782987394719
Macrophage	226	227	1.82197067637622
Macrophage	227	228	1.65898236379996
Macrophage	228	229	0.880386270193435
Macrophage	239	240	1.6406614520841
Macrophage	240	241	1.4398572564069
Macrophage	241	242	1.98803833847065
Macrophage	242	243	2.33264968168407
Macrophage	243	244	3.04642919776342
Macrophage	244	245	0.763973233128558
Macrophage	245	246	2.39834994226151
Macrophage	246	247	2.49202720078158
Macrophage	247	248	1.41730280817944
Macrophage	248	249	1.37104045557731
Macrophage	249	250	0.85670243924253
Macrophage	250	251	2.01022006155256
Macrophage	251	252	1.12735029266859
Macrophage	252	253	1.1088494470367
Macrophage	253	254	1.19061860975291
Macrophage	261	262	1.69459572077441
Macrophage	262	263	1.35931325228878
Macrophage	268	269	0.601177935209529
Macrophage	269	270	1.39069257236614
Macrophage	270	271	1.48993785766216
Macrophage	273	274	0.861251575161069
Macrophage	274	275	1.04045198407971
Macrophage	275	276	1.15997732457078
Macrophage	276	277	2.34648894787362
Macrophage	277	278	0.958921402680246
Macrophage	278	279	0.830222228791509
Macrophage	279	280	2.21012798217213
Macrophage	280	281	0.939936576692371
Macrophage	281	282	1.6236684242468
Macrophage	282	283	0.903276196939384
Macrophage	283	284	1.57889800543004
Macrophage	284	285	0.76189632422873
Macrophage	285	286	0.682955319609998
Macrophage	302	303	1.04989641594405
Macrophage	303	304	0.498598624406391
Macrophage	304	305	0.431432756149514
Macrophage	305	306	0.544773524309609
Macrophage	306	307	0.48060684814386
Macrophage	307	308	1.19517848705916
Macrophage	308	309	0.431584041487142
Macrophage	309	310	0.414428276234507
Macrophage	310	311	1.03650266593869
Macrophage	311	312	0.880221012424611
Macrophage	312	313	0.721669148372433
Macrophage	313	314	0.80733597418721
Macrophage	314	315	0.684705395675737
Macrophage	315	316	0.341401211517592
Macrophage	316	317	1.03767814722177
Macrophage	317	318	0.585820122060777
Macrophage	318	319	1.4895829964291
Macrophage	319	320	1.53664551033768
Macrophage	320	321	1.61387933189014
Macrophage	321	322	0.6777126649199
Macrophage	322	323	1.31153428591078
Macrophage	323	324	1.16587349419169
Macrophage	324	325	1.87435110588543
Macrophage	325	326	1.4926056833832
Macrophage	326	327	1.25496972444705
Macrophage	327	328	1.18530810272241
Macrophage	328	329	0.471395313219623
Macrophage	329	330	0.755287117458889
Macrophage	330	331	0.957559229418131
Macrophage	331	332	1.54951779017405
Macrophage	332	333	0.78457213234797
Macrophage	333	334	1.28252979950369
Macrophage	334	335	0.685046770762467
Macrophage	335	336	0.744708602218337
Macrophage	336	337	0.560592533946432
Macrophage	337	338	0.908281238200872
Macrophage	338	339	2.27263130028668
Macrophage	339	340	0.399780380731493
Macrophage	340	341	1.22456659325814
Macrophage	341	342	0.330401955535032
Macrophage	342	343	0.409573549650717
Macrophage	343	344	0.885904984482284
Macrophage	344	345	1.22338028068343
Macrophage	345	346	3.09587567589664
Macrophage	346	347	0.39334374757582
Macrophage	347	348	2.58015465553351
Macrophage	348	349	0.79150240302559
Macrophage	349	350	0.743722778171168
Macrophage	350	351	0.586403354846732
Macrophage	351	352	0.817266729661826
Macrophage	352	353	0.655896904095774
Macrophage	353	354	1.26674651280911
Macrophage	354	355	0.786748535010484
Macrophage	355	356	0.453465362310855
Macrophage	356	357	1.03136477005983
Macrophage	357	358	1.38670700297138
Macrophage	358	359	0.438837652541743
Macrophage	359	360	1.51824659973115
Macrophage	360	361	1.18452001371949
Macrophage	361	362	0.786846282771176
Macrophage	362	363	0.48909229207246
Macrophage	363	364	0.823708634602901
Macrophage	364	365	0.565375997889948
Macrophage	365	366	1.30709361695488
Macrophage	366	367	1.02587994608175
Macrophage	367	368	0.997915703778883
Macrophage	368	369	0.76909355180038
Macrophage	369	370	1.06739339169043
Macrophage	370	371	0.528553059510627
Macrophage	371	372	0.547433225817862
Macrophage	372	373	1.06973549262296
Macrophage	373	374	1.67527766992964
Macrophage	374	375	0.625625020771474
Macrophage	375	376	1.53279054758662
Macrophage	376	377	0.89186586345439
Macrophage	377	378	1.67786942658302
Macrophage	378	379	0.450969269068025
Macrophage	379	380	1.5663872141438
Macrophage	380	381	0.953546566586117
Macrophage	381	382	0.921421269761609
Macrophage	382	383	1.26085726576867
Macrophage	383	384	1.24396409750141
Macrophage	384	385	1.20744899245045
Macrophage	385	386	0.609948236704971
Macrophage	386	387	1.08982349225575
Macrophage	387	388	1.27414977809292
Macrophage	388	389	1.23755698775675
Macrophage	389	390	0.797153451185296
Macrophage	390	391	1.67445507316069
Macrophage	391	392	1.511096478706
Macrophage	392	393	1.02267636294723
Macrophage	393	394	0.861646143382298
Macrophage	394	395	1.05414069778216
Macrophage	395	396	0.599691999522834
Macrophage	396	397	0.698337285682557
Macrophage	397	398	1.10418990690357
Macrophage	398	399	0.728423278360987
Macrophage	399	400	0.885960822828054
Macrophage	400	401	0.881213550235244
Macrophage	401	402	1.25374598034386
Macrophage	402	403	0.855534219851053
Macrophage	403	404	1.70304369892824
Macrophage	404	405	0.530735331994865
Macrophage	405	406	0.902229994310355
Macrophage	406	407	2.02473211407486
Macrophage	407	408	0.549035679892158
Macrophage	408	409	0.768038958501979
Macrophage	409	410	0.847755264626168
Macrophage	410	411	0.50767230089234
Macrophage	411	412	0.822919921872337
Macrophage	412	413	1.88130747066299
Macrophage	413	414	0.995865856444665
Macrophage	414	415	1.72690240966538
Macrophage	415	416	1.51898924628139
Macrophage	416	417	0.44179307336084
Macrophage	417	418	1.14882237244314
Macrophage	418	419	0.796395076597216
Macrophage	419	420	1.02835467912468
Macrophage	420	421	0.774034444936363
Macrophage	421	422	0.879890694791891
Macrophage	422	423	0.851087157299689
Macrophage	423	424	0.665584021630792
Macrophage	424	425	0.959169518486375
Macrophage	425	426	0.421409986645178
Macrophage	426	427	2.03245027808477
Macrophage	427	428	0.402503858580819
Macrophage	428	429	1.09914590661033
Macrophage	429	430	2.07156285814112
Macrophage	430	431	0.574316109873136
Macrophage	431	432	1.55745419419753
Macrophage	432	433	1.05304573978593
Macrophage	433	434	0.466712266466264
Macrophage	434	435	1.77352254855879
Macrophage	435	436	1.81490734407479
Macrophage	436	437	0.584604482423656
Macrophage	437	438	0.701398094215351
Macrophage	438	439	1.11648202452604
Macrophage	439	440	2.73395617721161
Macrophage	440	441	0.814745345486737
Macrophage	441	442	0.447908569575368
Macrophage	442	443	1.66254668535298
Macrophage	443	444	1.09601902968439
Macrophage	444	445	1.70973940740772
Macrophage	445	446	0.543529259873562
Macrophage	446	447	0.868011839885382
Macrophage	447	448	1.16133209715846
Macrophage	448	449	0.818716614696126
Macrophage	449	450	2.94619052755868
Macrophage	450	451	2.15994634975536
Macrophage	451	452	1.40418256408046
Macrophage	452	453	0.94591758548763
Macrophage	453	454	0.980673029862262
Macrophage	454	455	0.849015827882037
Macrophage	455	456	0.615017983523274
Macrophage	456	457	0.525455077190303
Macrophage	457	458	1.0883845518706
Macrophage	458	459	0.712228686297565
Macrophage	459	460	0.514830790132856
Macrophage	460	461	1.08351022882783
Macrophage	461	462	0.516270968254291
Macrophage	462	463	1.18381173129287
Macrophage	463	464	1.05829972849083
Macrophage	464	465	0.652394193596045
Macrophage	465	466	0.455250501115999
Macrophage	466	467	0.465385300709783
Macrophage	467	468	1.33015808691142
Macrophage	468	469	0.375961984112094
Macrophage	469	470	1.46601663813188
Macrophage	470	471	0.902970787159965
Macrophage	471	472	1.56632725464427
Macrophage	472	473	0.756935646823437
Macrophage	473	474	0.446424395549835
Macrophage	474	475	1.80243397719684
Macrophage	475	476	0.488556052827026
Macrophage	476	477	0.847374058120358
Macrophage	477	478	0.59740368799105
Macrophage	478	479	2.63853129881486
Macrophage	479	480	1.12369390141907
Macrophage	480	481	1.00078999557426
Macrophage	481	482	0.868092043287669
Macrophage	482	483	1.15407260179942
Macrophage	483	484	1.12152654819099
Macrophage	484	485	1.41545829327583
Macrophage	485	486	0.625705899764413
Macrophage	486	487	1.23735434314252
Macrophage	487	488	0.590322312627314
Macrophage	488	489	0.351173470319891
Macrophage	489	490	0.576050401546665
Macrophage	490	491	1.13999558883402
Macrophage	491	492	2.08020024491737
Macrophage	492	493	0.564949595527154
Macrophage	493	494	1.02979945138814
Macrophage	494	495	0.57872376662217
Macrophage	495	496	0.548202438126057
Macrophage	496	497	1.86408254498664
Macrophage	497	498	0.546574330135944
Macrophage	498	499	0.879725634844509
Macrophage	499	500	0.921330198157499
Macrophage	500	501	0.531978227425869
Macrophage	501	502	0.69722194032928
Macrophage	502	503	0.874681989640781
Macrophage	503	504	0.851433420560502
Macrophage	504	505	1.58380554272276
Macrophage	505	506	0.672177381441459
Macrophage	506	507	1.74470689932661
Macrophage	507	508	0.624817416468009
Macrophage	508	509	1.02244836655843
Macrophage	509	510	1.29387834809169
Macrophage	510	511	1.42628935835248
Macrophage	511	512	0.401635456679524
Macrophage	512	513	0.743086344989574
Macrophage	513	514	0.88308099251759
Macrophage	514	515	0.795349231927209
Macrophage	515	516	1.75184352527122
Macrophage	516	517	1.67501315599573
Macrophage	517	518	1.2026211693412
Macrophage	518	519	1.95661467116005
Macrophage	519	520	0.812600502223491
Macrophage	799	800	1.24867094577686
Macrophage	800	801	2.04974233716016
Macrophage	801	802	2.11083592239459
Macrophage	802	803	1.27294510476047
Macrophage	803	804	0.917492414374059
Macrophage	804	805	0.68680801511621
Macrophage	805	806	1.82197067637622
Macrophage	806	807	1.37699196845758
Macrophage	807	808	0.710276682935072
Macrophage	808	809	0.745755399528805
Macrophage	809	810	1.22950895285642
Macrophage	810	811	0.985856915688692
Macrophage	811	812	1.0887112176854
Macrophage	812	813	0.199549740725356
Macrophage	813	814	0.964161007447565
Macrophage	814	815	1.06063953767434
Macrophage	879	880	1.7491069261629
Macrophage	880	881	1.85372908115982
Macrophage	881	882	0.941555363593189
Macrophage	882	883	1.6274710284853
Macrophage	883	884	1.58237039796396
Macrophage	884	885	1.45055561785176
Macrophage	885	886	1.70593547338393
Macrophage	886	887	0.56130313484903
Macrophage	887	888	2.29541660351543
Macrophage	888	889	1.73326638108814
Macrophage	889	890	1.60799946570827
Macrophage	890	891	0.962357643740535
Macrophage	891	892	0.873623713011078
Macrophage	892	893	0.594659482362354
Macrophage	893	894	0.769466486800696
Macrophage	894	895	1.23935510409886
Macrophage	895	896	0.567617222171124
Macrophage	896	897	0.910806039455686
Macrophage	897	898	0.891611070703727
Macrophage	898	899	1.44055381506014
Macrophage	899	900	1.24707790486076
Macrophage	900	901	0.621209669819436
Macrophage	901	902	1.5705226473416
Macrophage	902	903	1.16125673987257
Macrophage	903	904	1.33385272434126
Macrophage	904	905	0.640752160891737
Macrophage	905	906	0.896221208920988
Macrophage	906	907	1.1181194660589
Macrophage	907	908	0.627043527215784
Macrophage	908	909	0.789724953855095
Macrophage	909	910	0.642840715872549
Macrophage	951	952	1.27294510476047
Macrophage	952	953	1.9790284660706
Macrophage	953	954	0.510399320871332
Macrophage	954	955	0.728811630918307
Macrophage	955	956	1.99076229945814
Macrophage	956	957	1.62990812602853
Macrophage	991	992	1.28240427444135
Macrophage	992	993	1.27174300592524
Macrophage	993	994	0.966425469227988
Macrophage	994	995	0.665032975265929
Macrophage	995	996	0.331053205079268
Macrophage	996	997	1.3921351690578
Macrophage	997	998	1.13103305094913
Macrophage	998	999	1.02916320839669
Macrophage	999	1000	0.971754031910966
Macrophage	1000	1001	1.48025114835993
Macrophage	1001	1002	2.12821628933355
Macrophage	1002	1003	1.06789432613495
Macrophage	1003	1004	1.99308537126571
Macrophage	1004	1005	1.04009697868097
Macrophage	1005	1006	1.91337150028901
Macrophage	1006	1007	0.840349191944833
Macrophage	1007	1008	0.699150780561374
Macrophage	1037	1038	0.657282050692046
Macrophage	1038	1039	1.14318791325681
Macrophage	1039	1040	0.708859267139588
Macrophage	1040	1041	1.6880958603865
Macrophage	1041	1042	0.692398023326755
Macrophage	1053	1054	0.933989225015004
Macrophage	1057	1058	0.540129888669498
Macrophage	1058	1059	0.447317766663446
Macrophage	1059	1060	0.398006781091311
Macrophage	1060	1061	1.30171238101293
Macrophage	1061	1062	1.37169880659249
Macrophage	1062	1063	0.907487034790077
Macrophage	1063	1064	0.902622017137063
Macrophage	1064	1065	1.09076323170336
Macrophage	1065	1066	1.10195677339096
Macrophage	1066	1067	1.00346334903136
Macrophage	1067	1068	0.592265955706165
Macrophage	1068	1069	1.34493912288329
Macrophage	1069	1070	2.48248096380034
Macrophage	1070	1071	1.08214108120891
Macrophage	1071	1072	1.82042717661589
Macrophage	1072	1073	1.43689835141082
Macrophage	1073	1074	0.436444016366342
Macrophage	1074	1075	2.17168196850183
Macrophage	1075	1076	0.380434506733025
Macrophage	1076	1077	0.534628289590946
Macrophage	1077	1078	1.22045380848076
Macrophage	1078	1079	1.48086315944951
Macrophage	1079	1080	0.999160841508369
Macrophage	1080	1081	0.395820012396048
Macrophage	1081	1082	1.81204414039956
Macrophage	1082	1083	0.586297223699058
Macrophage	1083	1084	0.588783958046467
Macrophage	1084	1085	0.914039160995244
Macrophage	1085	1086	1.16450693823303
Macrophage	1086	1087	0.729478384832196
Macrophage	1087	1088	1.18578151735955
Macrophage	1088	1089	0.55011968027623
Macrophage	1089	1090	0.859912906271893
Macrophage	1090	1091	0.44346584791518
Macrophage	1091	1092	0.350018582701711
Macrophage	1092	1093	0.69279736420996
Macrophage	1093	1094	0.869860509635282
Macrophage	1094	1095	0.542049828535426
Macrophage	1095	1096	0.526843139264277
Macrophage	1096	1097	0.389510855233161
Macrophage	1097	1098	0.503883342807356
Macrophage	1098	1099	0.687298920842402
Macrophage	1099	1100	0.38805672969975
Macrophage	1100	1101	0.969310284111987
Macrophage	1101	1102	0.447826985206222
Macrophage	1156	1157	0.715738541711769
Macrophage	1157	1158	0.851510408502765
Macrophage	1158	1159	0.593895748675814
Macrophage	1159	1160	0.580693564952365
Macrophage	1160	1161	1.03003102451358
Macrophage	1161	1162	1.36547371034314
Macrophage	1162	1163	2.6281689088778
Macrophage	1163	1164	0.81399795992796
Macrophage	1164	1165	0.525455077190303
Macrophage	1165	1166	0.831281838349808
Macrophage	1166	1167	0.327000597173571
Macrophage	1167	1168	0.809682244008933
Macrophage	1168	1169	0.651865521586641
Macrophage	1169	1170	1.25526860749107
Macrophage	1207	1208	1.34929213876356
Macrophage	1208	1209	1.54800035847124
Macrophage	1209	1210	0.607274366826637
Macrophage	1210	1211	1.50635256878512
Macrophage	1211	1212	1.10464852429996
Macrophage	1212	1213	1.15526310668845
Macrophage	1216	1217	1.071215535456
Macrophage	1217	1218	0.818929248468554
Macrophage	1218	1219	1.82639200904367
Macrophage	1219	1220	1.29234353167633
Macrophage	1229	1230	1.23122362036216
Macrophage	1230	1231	0.886212188145227
Macrophage	1231	1232	0.361752685868224
Macrophage	1249	1250	0.624132643182687
Macrophage	1250	1251	0.423857433060404
Macrophage	1251	1252	0.91869747190472
Macrophage	1264	1265	0.459916427712335
Macrophage	1266	1267	0.502951567335085
Macrophage	1267	1268	1.13941728346886
Macrophage	1268	1269	0.417517790709386
Macrophage	1269	1270	0.329731342621323
Macrophage	1270	1271	0.589391157825558
Macrophage	1271	1272	0.800923141521216
Macrophage	1272	1273	0.426463116810259
Macrophage	1273	1274	0.949497014311054
Macrophage	1274	1275	0.36207048396233
Macrophage	1275	1276	0.712864171516904
Macrophage	1276	1277	0.523288887749723
Macrophage	1277	1278	0.572121225369706
Macrophage	1278	1279	0.324654999583523
Macrophage	1279	1280	0.550896656687896
Macrophage	1280	1281	0.537290737064199
Macrophage	1281	1282	0.456964988736069
Macrophage	1282	1283	0.291251109184261
Macrophage	1283	1284	0.476637657410442
Macrophage	1284	1285	0.966526377809191
Macrophage	1285	1286	0.742797433518383
Macrophage	1286	1287	0.625019115684544
Macrophage	1287	1288	0.763697666920931
Macrophage	1288	1289	0.359530724727382
Macrophage	1289	1290	0.669468018605347
Macrophage	1290	1291	0.3079980326259
Macrophage	1291	1292	0.244670398895952
Macrophage	1292	1293	0.215855633051714
Macrophage	1293	1294	0.336792544119147
Macrophage	1294	1295	0.371664446202734
Macrophage	1295	1296	0.483831048195989
Macrophage	1296	1297	0.428522713426008
Macrophage	1297	1298	0.63552897978134
Macrophage	1298	1299	0.417217334297934
Macrophage	1299	1300	0.35471022722099
Macrophage	1300	1301	0.359792238353597
Macrophage	1301	1302	0.670773152941782
Macrophage	1302	1303	0.453151814848124
Macrophage	1303	1304	0.4656500789864
Macrophage	1518	1519	0.701705711518906
Macrophage	1519	1520	0.341318847689809
Macrophage	1520	1521	0.80733597418721
Macrophage	1521	1522	0.439464766327631
Macrophage	1522	1523	0.722431315037168
Macrophage	1523	1524	0.595388729921596
Macrophage	1524	1525	0.566263717461389
Macrophage	1525	1526	0.32179902817457
Macrophage	1526	1527	0.609067006205033
Macrophage	1527	1528	0.389111788387959
Macrophage	1528	1529	0.721995585735748
Macrophage	1529	1530	0.292572720907059
Macrophage	1611	1612	0.916981287799095
Macrophage	1612	1613	0.464460985715829
Macrophage	1613	1614	0.919059649552467
Macrophage	1624	1625	0.795082670740779
Macrophage	1670	1671	1.3448392024198
Macrophage	1671	1672	0.39874652486752
Macrophage	1731	1732	0.309178641836066
Macrophage	1732	1733	0.36246852623649
Macrophage	1733	1734	0.637519361880309
Macrophage	1734	1735	0.445595194777315
Macrophage	1735	1736	0.32936969571817
Macrophage	1736	1737	0.373631164011676
Macrophage	1737	1738	0.495998461898078
Macrophage	1738	1739	0.50091911794898
Macrophage	1739	1740	0.909682057038254
Macrophage	1740	1741	0.478753995543215
Macrophage	1741	1742	0.585167611572565
Macrophage	1742	1743	0.815892589323028
Macrophage	1743	1744	0.458243474122747
Macrophage	1744	1745	0.844942907252522
Macrophage	1745	1746	0.390203510192801
Macrophage	1746	1747	0.293862972266283
Macrophage	1747	1748	0.391285946030754
Macrophage	1748	1749	0.22399681509976
Macrophage	1749	1750	0.763973233128558
Macrophage	1750	1751	0.399828976029501
Macrophage	2101	2102	0.326666496502018
Macrophage	2102	2103	0.40479955067927
Macrophage	2103	2104	0.445595194777315
Macrophage	2104	2105	0.788152030169104
Macrophage	2105	2106	1.14493753578477
Macrophage	2247	2248	0.565901708709066
Macrophage	2248	2249	0.488799649205637
Macrophage	2249	2250	0.399699415161452
Macrophage	2250	2251	0.773782672450447
Macrophage	2303	2304	0.349154361207998
Macrophage	2304	2305	0.523400967177392
Macrophage	2305	2306	0.333224194472352
Macrophage	2328	2329	0.516843885575193
Macrophage	2329	2330	0.458393105030178
Macrophage	2340	2341	0.65024101817365
Macrophage	2346	2347	0.534481980234252
Macrophage	2347	2348	0.367164959526367
Macrophage	2348	2349	0.517774226860727
Macrophage	2349	2350	0.42000893472193
Macrophage	2350	2351	0.723359063894313
Macrophage	2351	2352	0.561448712822983
Macrophage	2352	2353	0.390373205449161
Macrophage	2353	2354	0.403277141049335
Macrophage	2354	2355	0.714831045119595
Macrophage	2355	2356	0.59906276491058
Macrophage	2356	2357	0.329293085620399
Macrophage	2357	2358	0.386144973499142
Macrophage	2358	2359	0.451217620217908
Macrophage	2359	2360	0.636533038534397
Macrophage	2360	2361	1.00941060844587
Macrophage	2361	2362	0.819816478596677
Macrophage	2362	2363	0.642071857429483
Macrophage	2363	2364	0.328267794113092
Macrophage	2364	2365	0.418510642056173
Macrophage	2365	2366	0.55280195621049
Macrophage	2366	2367	0.809370883294722
Macrophage	2367	2368	0.570611756154316
Macrophage	2368	2369	0.390049371370288
Macrophage	2579	2580	0.399569939346002
Macrophage	2580	2581	0.713713325627651
Macrophage	2581	2582	0.639522673783364
Macrophage	2582	2583	1.36666997626605
Macrophage	2675	2676	0.466335511309702
Macrophage	2676	2677	0.782827202572925
Macrophage	2677	2678	1.3787668428104
Macrophage	2678	2679	0.566263717461389
Macrophage	2679	2680	1.24684228808564
Macrophage	2680	2681	0.908148767898997
Macrophage	2715	2716	0.936433884068427
Macrophage	2716	2717	0.718637178997817
Macrophage	2738	2739	0.341495390766259
Macrophage	2740	2741	0.30131112662272
Macrophage	2741	2742	0.559658648445898
Macrophage	2742	2743	0.507277642920623
Macrophage	2757	2758	0.488799649205637
Macrophage	2767	2768	0.404766330939726
Macrophage	2768	2769	0.464790668861929
Macrophage	2769	2770	0.343688016476347
Macrophage	2770	2771	0.989699750175468
Macrophage	2771	2772	0.409352529386414
Macrophage	2772	2773	0.497636108644342
Macrophage	2773	2774	0.271695829810374
Macrophage	2774	2775	0.509336736965369
Macrophage	2775	2776	0.353191100383161
Macrophage	2776	2777	0.304398010664042
Macrophage	2777	2778	1.06781080136686
Macrophage	2778	2779	0.615096057950908
Macrophage	2779	2780	0.31049469702169
Macrophage	2780	2781	1.05560451231683
Macrophage	2781	2782	0.710803151423648
Macrophage	2782	2783	0.414899220813841
Macrophage	2783	2784	0.620930868471603
Macrophage	2784	2785	0.291841770023825
Macrophage	2785	2786	0.468158534469344
Macrophage	2786	2787	1.08215397998043
Macrophage	2787	2788	0.59670602601667
Macrophage	2788	2789	1.20248541674655
Macrophage	2789	2790	0.463474786454644
Macrophage	2790	2791	1.01748840229414
Macrophage	2791	2792	0.441812911914611
Macrophage	2792	2793	1.04195380919971
Macrophage	2793	2794	0.302274733891102
Macrophage	2794	2795	1.32311639533541
Macrophage	2795	2796	0.544074804498656
Macrophage	2796	2797	0.75207178133563
Macrophage	2797	2798	0.3728419556337
Macrophage	2798	2799	0.792195907892799
Macrophage	2799	2800	0.613266696621508
Macrophage	2800	2801	0.324569958135971
Macrophage	2801	2802	0.278636107447346
Macrophage	2802	2803	0.284134991779272
Macrophage	2803	2804	0.615995385536628
Macrophage	2804	2805	0.735820037823613
Macrophage	2805	2806	0.325946755676979
Macrophage	2806	2807	0.847704416103641
Macrophage	2807	2808	0.735367284820731
Macrophage	2808	2809	0.397062040102309
Macrophage	2809	2810	0.989983068389354
Macrophage	2810	2811	0.44410648684884
Macrophage	2811	2812	0.573943452501444
Macrophage	2812	2813	0.422114075632981
Macrophage	2813	2814	0.452047470150106
Macrophage	2814	2815	0.721506045120014
Macrophage	2815	2816	0.981732928250657
Macrophage	2816	2817	0.543741282876138
Macrophage	2817	2818	0.493599800022231
Macrophage	2818	2819	0.8689753207849
Macrophage	2819	2820	0.908796793034509
Macrophage	2820	2821	0.662838214552345
Macrophage	3154	3155	0.293125522136479
Macrophage	3155	3156	1.30180977183972
Macrophage	3156	3157	1.13970635501701
Macrophage	3157	3158	0.698184974589902
Macrophage	3158	3159	0.57618687969104
Macrophage	3159	3160	1.56220326605152
Macrophage	3160	3161	1.08376898449012
Macrophage	3161	3162	0.347231625018178
Macrophage	3162	3163	0.322102224904829
Macrophage	3163	3164	0.394333628482068
Macrophage	3164	3165	0.685877298636827
Macrophage	3165	3166	0.5882136503911
Macrophage	3166	3167	1.14362476388531
Macrophage	3167	3168	0.945099372322117
Macrophage	3346	3347	0.556716988054051
Macrophage	3347	3348	1.37910021957099
Macrophage	3348	3349	0.428243210098468
Macrophage	3349	3350	0.380127140949404
Macrophage	3372	3373	1.45013910378982
Macrophage	3389	3390	0.503235903000938
Macrophage	3392	3393	0.423274692293427
Macrophage	3393	3394	0.361092414422184
Macrophage	3394	3395	0.530994980846181
Macrophage	3455	3456	0.851972646178119
Macrophage	3456	3457	1.30965515079819
Macrophage	3510	3511	0.397782193324419
Macrophage	3537	3538	0.29841222516241
Macrophage	3538	3539	0.40658490097995
Macrophage	3539	3540	0.555068297151782
Macrophage	3540	3541	0.538877480034847
Macrophage	3541	3542	0.388866620078327
Macrophage	3542	3543	0.735989970396477
Macrophage	3543	3544	0.676664630595098
Macrophage	3544	3545	0.393641752552355
Macrophage	3545	3546	0.618986465790177
Macrophage	3546	3547	1.80649347603911
Macrophage	3547	3548	0.307816471917863
Macrophage	3548	3549	0.659709414932617
Macrophage	3549	3550	0.745231616417739
Macrophage	3550	3551	0.4224217339843
Macrophage	3551	3552	0.408352469523221
Macrophage	3884	3885	0.521446638640356
Macrophage	3885	3886	0.494646295762248
Macrophage	3886	3887	0.546972759393346
Macrophage	3887	3888	1.22899559781127
Macrophage	3888	3889	1.19421527587
Macrophage	3889	3890	0.41757085800717
Macrophage	4242	4243	0.832784794731091
Macrophage	4243	4244	1.13409854697224
Macrophage	4244	4245	0.682325628816767
Macrophage	4245	4246	0.938892303619275
Macrophage	4246	4247	0.553869803315567
Macrophage	4318	4319	1.09748023820427
Macrophage	4319	4320	0.657730165735909
Macrophage	4459	4460	0.366064023282649
Macrophage	4460	4461	0.64037007316299
Macrophage	4461	4462	0.358683452757884
Macrophage	4462	4463	0.582467737632298
Macrophage	4463	4464	0.602222611135061
Macrophage	4464	4465	0.495396569048837
Macrophage	4465	4466	0.707604278926829
Macrophage	4565	4566	0.903843971828615
Macrophage	4566	4567	0.465561785488372
Macrophage	4637	4638	0.69651410250741
Macrophage	4638	4639	0.398263767657981
Macrophage	4639	4640	0.802686146441247
Macrophage	4640	4641	0.434153330760876
Macrophage	4641	4642	0.631215611791482
Macrophage	4642	4643	0.445252297392581
Macrophage	4643	4644	0.508463501535984
Macrophage	4644	4645	1.28681429363896
Macrophage	4645	4646	0.496048687009171
Macrophage	4646	4647	1.02229643026916
Macrophage	4647	4648	0.610140156498441
Macrophage	4648	4649	0.721424522326359
Macrophage	4649	4650	0.442926768122091
Macrophage	4650	4651	0.379499338555867
Macrophage	4651	4652	1.29148201279176
Macrophage	4652	4653	0.504168755527188
Macrophage	4653	4654	0.74616331911836
Macrophage	4654	4655	0.719554786407743
Macrophage	4655	4656	0.761470193377247
Macrophage	4656	4657	0.899495972495943
Macrophage	4657	4658	0.630146702901893
Macrophage	4658	4659	1.0633629485351
Macrophage	4659	4660	0.578242055642101
Macrophage	4660	4661	0.496249691291056
Macrophage	5013	5014	1.9618495024524
Macrophage	5014	5015	0.874396801008161
DC	4	5	0.517308628644069
DC	61	62	0.559722951842721
DC	80	81	0.370230822786547
DC	83	84	0.976784821029477
DC	84	85	0.344165841439246
DC	85	86	0.806717299140063
DC	86	87	1.38488601569271
DC	87	88	0.845132308892664
DC	88	89	1.18294733321538
DC	89	90	1.42824726482392
DC	90	91	0.379018958109079
DC	91	92	1.51884993446676
DC	92	93	0.387295807072762
DC	93	94	0.391301453464008
DC	94	95	0.975822250027214
DC	95	96	0.801600254458969
DC	96	97	0.554941889475735
DC	97	98	0.390558498096319
DC	98	99	0.520391953922157
DC	99	100	0.537098606824608
DC	100	101	0.280532220738874
DC	101	102	0.729895753174133
DC	102	103	0.715417974684943
DC	103	104	1.05438435922636
DC	104	105	1.93231990591359
DC	105	106	0.956768605305292
DC	106	107	1.06839577490544
DC	107	108	0.601364210614139
DC	108	109	0.57282845518295
DC	109	110	0.484859660720324
DC	110	111	0.29689492196534
DC	111	112	1.31409581421971
DC	112	113	0.995650612617781
DC	113	114	0.622527506923193
DC	114	115	0.452588539301397
DC	380	381	0.56276241007092
DC	381	382	1.11157843466538
DC	382	383	0.63506987934434
DC	383	384	0.929233432528993
DC	470	471	1.32750425289318
DC	471	472	2.16762897810418
DC	472	473	1.10424384015648
DC	506	507	0.333179372704162
DC	518	519	0.404650105360237
DC	535	536	0.347927210386218
DC	536	537	0.665767914183811
DC	537	538	0.39874652486752
DC	545	546	1.00428481646058
DC	562	563	0.373588799319026
DC	566	567	0.793122571899013
DC	567	568	1.19969651259972
DC	608	609	0.507488049148388
DC	616	617	0.33380798698676
Mast	178	179	1.30935900574284
Mast	193	194	1.00051807078698
Mast	194	195	1.0972807305486
Mast	195	196	0.842752398015529
Mast	196	197	0.996727839079524
Mast	525	526	1.53793562934172
EC	920	921	0.654962008754426
EC	976	977	0.722594854998228
EC	1202	1203	0.670913301886704
EC	1390	1391	0.500765439625352
EC	1516	1517	0.33019278113637
EC	1961	1962	0.473692889228644
EC	2053	2054	0.293021711704318
EC	2144	2145	2.2210416706577
Fb	22	23	0.44549428688959
Fb	502	503	0.380214908443994
Fb	503	504	0.47234797806687
Fb	890	891	0.619619989837543
Fb	891	892	0.392047277034777
Fb	892	893	0.717131133012723
Fb	1153	1154	0.211434658710064
Fb	1154	1155	1.29359025470687
Fb	1338	1339	1.69859823678358
Fb	1648	1649	1.90472393454897
Fb	1649	1650	0.800247231882011
Fb	1650	1651	0.892035811501002
Tumor	2	3	0.503974120148103
Tumor	17	18	0.726212381168574
Tumor	18	19	0.393720250946443
Tumor	47	48	1.84537770631748
Tumor	207	208	0.314073295854173
Tumor	234	235	0.472120797552739
Tumor	293	294	0.345728081689094
Tumor	526	527	0.997267398218852
Tumor	534	535	1.20547991079209
Tumor	535	536	1.23122362036216
Tumor	997	998	0.186613892126043
Tumor	998	999	0.228793660427992
Tumor	1123	1124	0.371176034629532
Tumor	1124	1125	0.257795691198173
Tumor	1583	1584	1.77773167917179
Tumor	1677	1678	0.394081752382008
Tumor	1681	1682	0.455989720747
Tumor	1868	1869	0.771086932135083
Tumor	1869	1870	2.98910659858185
Tumor	2317	2318	2.55979565564398
Tumor	2848	2849	1.2849200801299
Tumor	2947	2948	0.720438714000815
Tumor	2948	2949	1.51648625779849
Tumor	2949	2950	2.04900585517214
Tumor	3132	3133	0.175247868987009
Tumor	3259	3260	1.15915113321375
Tumor	3352	3353	2.46555895399748
