CD8T	0	1	1.10789778130254
CD8T	6	7	1.52994980251057
CD8T	7	8	3.21437481771228
CD8T	384	385	2.33801288972678
CD8T	401	402	1.52985532638948
CD8T	402	403	2.62853577431505
CD8T	403	404	1.91847658751164
CD8T	404	405	1.91107742460252
CD8T	405	406	3.02887562143335
CD8T	406	407	2.00675659933433
CD8T	407	408	2.49903044725703
CD8T	408	409	2.46113581658714
CD8T	409	410	1.87655600588813
CD8T	410	411	2.27323881172233
CD8T	412	413	1.71074671329099
CD8T	415	416	1.77639058575335
CD8T	416	417	1.47071130384551
CD8T	417	418	1.06835396784264
CD8T	418	419	1.54081181153626
CD8T	419	420	1.8883604758502
CD8T	420	421	4.07582564329128
CD8T	421	422	1.98478243676035
CD8T	422	423	1.27017489997219
CD8T	423	424	1.39521017386394
CD8T	424	425	1.33715662181017
CD8T	425	426	2.76978069568405
CD8T	426	427	2.39245850696002
CD8T	427	428	3.2817475110486
CD8T	428	429	1.64694847884014
CD8T	429	430	1.53364521795897
CD8T	430	431	2.84840110633084
CD8T	431	432	3.4417612783619
CD8T	432	433	2.59922443837022
CD8T	435	436	2.58361241859346
CD8T	436	437	1.72690240966538
CD8T	437	438	1.58709764564894
CD8T	438	439	1.69726148427627
CD8T	439	440	2.38124472162295
CD8T	440	441	1.94883010990704
CD8T	441	442	1.38884979279988
CD8T	442	443	1.04574906275804
CD8T	1319	1320	2.321936863655
CD8T	1326	1327	1.33757092695212
CD8T	1327	1328	2.03485561344444
CD8T	1328	1329	3.32269010329007
CD8T	1330	1331	1.9956901747898
CD8T	1331	1332	2.96314345861642
CD8T	1332	1333	1.3633770107848
CD8T	1333	1334	1.83262346496635
CD8T	1334	1335	2.57311115383595
CD8T	1335	1336	3.17224009851743
CD8T	1336	1337	3.08571258812776
CD8T	1337	1338	2.0628206604438
CD8T	1338	1339	2.58210435582863
CD8T	1339	1340	1.0875362260689
CD8T	1340	1341	2.13896399210728
CD8T	1341	1342	1.105594057093
CD8T	1342	1343	3.2821781792473
CD8T	1343	1344	2.11136745886373
CD8T	1344	1345	2.62081862488934
CD8T	1345	1346	3.54805817693848
CD8T	1346	1347	2.31986610512122
CD8T	1347	1348	2.55467278060138
CD8T	1348	1349	2.02966949065857
CD8T	1349	1350	2.65134305648881
CD8T	1350	1351	1.49278393904348
CD8T	1352	1353	1.12601126285622
CD8T	1353	1354	1.09781292811395
CD8T	1354	1355	1.05098423967886
CD8T	1357	1358	4.21181455984181
CD8T	1358	1359	2.5131943767162
CD8T	1359	1360	1.51537695203021
CD8T	1360	1361	2.5246345472658
CD8T	1362	1363	1.1774793798721
CD8T	1363	1364	1.56879010773368
CD8T	1364	1365	1.54153285945428
CD8T	1365	1366	1.41753968854947
CD8T	1366	1367	1.03820806090193
CD8T	1367	1368	1.69387047869308
CD8T	1368	1369	2.91270062418399
CD8T	1369	1370	2.11264461853244
CD8T	1370	1371	4.01898878933024
CD8T	1371	1372	2.75231580088645
CD8T	1372	1373	3.2355372264227
CD8T	1373	1374	2.54343727095434
CD8T	1374	1375	2.98285686282472
CD8T	1375	1376	1.40325616727716
CD8T	1376	1377	2.45332933989141
CD8T	1377	1378	2.16721796495181
CD8T	1378	1379	2.29341174306379
CD8T	1379	1380	3.64839979810301
CD8T	1380	1381	2.02823509431132
CD8T	1381	1382	2.99269736985884
CD8T	1382	1383	2.22729249787041
CD8T	1383	1384	1.54747591874701
CD8T	1384	1385	4.07582564329128
CD8T	1385	1386	1.71037543041306
CD8T	1386	1387	2.32623304434667
CD8T	1387	1388	2.68234527286568
CD8T	1388	1389	2.5965388479937
CD8T	1389	1390	3.2461546717212
CD8T	1390	1391	1.60370267288035
CD8T	1391	1392	1.87142150649412
CD8T	1392	1393	3.72761231138411
CD8T	1393	1394	1.85531989622198
CD8T	1394	1395	2.71674210174689
CD8T	1395	1396	2.04621361751363
CD8T	1396	1397	3.16989636114078
CD8T	1397	1398	2.11825676817981
CD8T	1398	1399	2.8021400099501
CD8T	1399	1400	2.60980810448071
CD8T	1400	1401	1.32750425289318
CD8T	1401	1402	1.98604696098115
CD8T	1402	1403	2.89638916488551
CD8T	1403	1404	2.28822202882376
CD8T	1404	1405	2.44015858464775
CD8T	1405	1406	1.05499405084934
CD8T	1406	1407	1.4100048408923
CD8T	1407	1408	2.22563313709437
CD8T	1408	1409	1.23865836231383
CD8T	1410	1411	1.43204443174517
CD8T	1411	1412	1.38727015402899
CD8T	1413	1414	1.03585738535694
CD8T	1414	1415	1.40487829275209
CD8T	1415	1416	1.31541077985883
CD8T	1416	1417	2.26856400988145
CD8T	1417	1418	1.20050732191222
CD8T	1418	1419	3.9602227356319
CD8T	1421	1422	1.8187187126918
CD8T	1422	1423	2.67274657665454
CD8T	1423	1424	3.74673950425524
CD8T	1424	1425	2.37216102654503
CD8T	1425	1426	2.27245780891882
CD8T	1426	1427	1.76397536465063
CD8T	1427	1428	1.10776197575024
CD8T	1428	1429	1.94728283286729
CD8T	1429	1430	2.55737676627265
CD8T	1430	1431	2.27558632983163
CD8T	1431	1432	3.33349513642862
CD8T	1432	1433	1.65774927696529
CD8T	1433	1434	1.35995871109555
CD8T	1435	1436	1.04544991659732
CD8T	1436	1437	3.92092509621764
CD8T	1437	1438	2.99829138905954
CD8T	1438	1439	2.23769489847369
CD8T	1439	1440	1.35759546618832
CD8T	1441	1442	1.77244035960556
CD8T	1442	1443	1.56459081481167
CD8T	1443	1444	5.36123725384296
CD8T	1444	1445	2.20043099290899
CD8T	1445	1446	2.5521227959038
CD8T	1446	1447	3.51457393326437
CD8T	1447	1448	1.92261926725517
CD8T	1448	1449	2.77776009383232
CD8T	1449	1450	3.47265326956833
CD8T	1450	1451	2.8486564445935
CD8T	1451	1452	1.15036973789741
CD8T	1452	1453	2.78023896846081
CD8T	1453	1454	1.05731791340542
CD8T	1454	1455	3.59452014951808
CD8T	1455	1456	2.66693978216809
CD8T	1456	1457	1.82458284121735
CD8T	1457	1458	2.22030946179844
CD8T	1458	1459	2.4091834517253
CD8T	1459	1460	1.0363265935987
CD8T	1460	1461	1.46565368190153
CD8T	1461	1462	1.47946515065705
CD8T	1462	1463	1.195499943026
CD8T	3244	3245	1.53023331405927
CD8T	3247	3248	2.60351680166828
CD8T	3250	3251	1.57150393782054
CD8T	3251	3252	1.0428254467888
CD8T	3252	3253	2.21133331532842
CD8T	3253	3254	1.29426269940212
CD8T	3254	3255	1.11569976707809
CD8T	3255	3256	1.25977120936673
CD8T	3257	3258	2.36959430743433
CD8T	3258	3259	2.6044275469224
CD8T	3259	3260	2.37768802931514
CD8T	3260	3261	1.88740912115649
CD8T	3261	3262	2.09588898999699
CD8T	3262	3263	1.00444928471789
CD8T	3263	3264	2.68266252412226
CD8T	3264	3265	1.88630075744213
CD8T	3265	3266	2.48269644401927
CD8T	3266	3267	2.00397489044703
CD8T	3267	3268	1.39475362606587
CD8T	3269	3270	1.62858967852153
CD8T	3270	3271	1.40720317318917
CD8T	3271	3272	1.14816062629066
CD8T	3273	3274	1.65204321679743
CD8T	3274	3275	2.31409562022533
CD8T	3275	3276	2.97731303554421
CD8T	3276	3277	1.20474335530799
CD8T	3277	3278	2.31040734706323
CD8T	3278	3279	2.51643238001693
CD8T	3279	3280	2.77332563701209
CD8T	3280	3281	1.95063930662246
CD8T	3281	3282	1.13452775105421
CD8T	3282	3283	1.75818902967824
CD8T	3283	3284	2.66196789302857
CD8T	3284	3285	2.12998381264683
CD8T	3285	3286	2.54181851697316
CD8T	3286	3287	1.24215091276888
CD8T	3288	3289	4.35204734227376
CD8T	3289	3290	1.58155171601472
CD8T	3290	3291	2.89598515949794
CD8T	3292	3293	1.49761590131156
CD8T	3293	3294	1.86840429466863
CD8T	3294	3295	2.78714557039726
CD8T	3295	3296	2.85949897806989
CD8T	3296	3297	1.08208948949196
CD8T	3297	3298	2.90222714295845
CD8T	3298	3299	2.58210435582863
CD8T	3300	3301	3.42053581027297
CD8T	3301	3302	2.33027248109574
CD8T	3302	3303	1.88645899306714
CD8T	3303	3304	1.67692583452092
CD8T	3304	3305	2.0628206604438
CD8T	3306	3307	1.80338115732058
CD8T	3307	3308	1.25455155777562
CD8T	3308	3309	2.31959039813094
CD8T	3309	3310	1.94138100099516
CD8T	3310	3311	2.16459705504991
CD8T	3311	3312	2.94049238300053
CD8T	3312	3313	2.19888555947695
CD8T	3313	3314	1.56071546606206
CD8T	3314	3315	1.27072784947044
CD8T	3315	3316	1.85146249266447
CD8T	3316	3317	2.61522241959378
CD8T	3318	3319	1.92170589780372
CD8T	3321	3322	1.721098358167
CD8T	3322	3323	1.50807603671673
CD8T	3323	3324	2.02537432040956
CD8T	3324	3325	1.13855104095273
CD8T	3325	3326	1.42853666631819
CD8T	3326	3327	1.27675324639102
CD8T	3328	3329	1.30945770381078
CD8T	3329	3330	1.08584391722769
CD8T	3330	3331	2.37070802097246
CD8T	3332	3333	1.68917491877546
CD8T	3333	3334	1.8736176085651
CD8T	3334	3335	3.19705591495809
CD8T	3335	3336	2.55365187457595
CD8T	3337	3338	2.45469025945147
CD8T	3338	3339	1.83380048909946
CD8T	3339	3340	2.88789863610244
CD8T	3340	3341	2.44810060140142
CD8T	3341	3342	3.04494581671745
CD8T	3342	3343	1.340687612088
CD8T	3343	3344	2.92959373315859
CD8T	3344	3345	1.38839804333823
CD8T	3345	3346	2.04699638367373
CD8T	3346	3347	3.04833996478759
CD8T	3347	3348	1.15825132142965
CD8T	3348	3349	2.68732884976317
CD8T	3349	3350	1.7182894451548
CD8T	3350	3351	1.13302710485171
CD8T	3351	3352	1.61781020413363
CD8T	3352	3353	1.46428914671786
CD8T	3353	3354	1.4030247893791
CD8T	3354	3355	2.36433906306246
CD8T	3355	3356	1.16671036710228
CD8T	3356	3357	1.9179810120487
CD8T	3357	3358	1.55332694264181
CD8T	3358	3359	1.19157535564633
CD8T	3359	3360	3.24853074860739
CD8T	3360	3361	1.80976175557753
CD8T	3361	3362	1.37422924956805
CD8T	3362	3363	1.35183456833378
CD8T	3363	3364	3.66488769936608
CD8T	3364	3365	3.07018716024183
CD8T	3365	3366	1.06760205192555
CD8T	3366	3367	1.42325256811428
CD8T	3367	3368	1.7339059757918
CD8T	3368	3369	1.39612430794787
CD8T	3369	3370	1.92394980709506
CD8T	3370	3371	3.08219625324147
CD8T	3371	3372	1.62301497568811
CD8T	3372	3373	2.14360348589712
CD8T	3373	3374	1.95818130199975
CD8T	4066	4067	2.96262129824963
CD8T	4067	4068	2.79130122258114
CD8T	4068	4069	3.27307716748351
CD8T	4069	4070	2.56144882420158
CD8T	4070	4071	1.13067778526895
CD8T	4071	4072	1.1010180636857
CD8T	4073	4074	1.41281948847807
CD8T	4074	4075	1.93030250357098
CD8T	4075	4076	1.26485763368178
CD8T	4076	4077	3.92013232829938
CD8T	4077	4078	2.85499031895995
CD8T	4078	4079	1.00019197202422
CD8T	4079	4080	2.32096985982007
CD8T	4081	4082	2.14327118817764
CD8T	4082	4083	1.24867094577686
CD8T	4083	4084	2.40703610426903
CD8T	4084	4085	2.34762900467216
CD8T	4085	4086	1.88125508953146
CD8T	4086	4087	4.79658425417541
CD8T	4087	4088	1.31005024831488
CD8T	4088	4089	1.50031631752831
CD8T	4378	4379	3.38680864421006
CD8T	4379	4380	2.39789527279837
CD8T	4380	4381	3.28657458324315
CD8T	4381	4382	3.0887544137177
CD8T	4382	4383	1.82895755035911
CD8T	4383	4384	3.26130722593981
CD8T	4384	4385	4.09284614019743
CD8T	4385	4386	2.61121938155072
CD8T	4386	4387	3.06377231028567
CD8T	4387	4388	2.69159272906391
CD8T	4388	4389	1.79175946922805
CD8T	4389	4390	2.24257055439926
CD8T	4390	4391	3.47765636832804
CD8T	4490	4491	1.76557996364628
CD8T	4491	4492	1.02267636294723
CD8T	4630	4631	3.85191092505096
CD8T	4631	4632	2.35342482107487
CD8T	4632	4633	3.4157051596477
CD8T	4633	4634	2.21360425388503
CD8T	4634	4635	4.88896063356844
CD8T	4636	4637	4.23954197196342
CD8T	4637	4638	2.66756327108501
CD8T	4638	4639	1.65204321679743
CD8T	4639	4640	2.3732634856087
CD8T	4640	4641	2.26301524469321
CD8T	4641	4642	3.40845126176947
CD8T	4642	4643	2.9778290221585
CD8T	4643	4644	1.61845859216003
CD8T	4645	4646	2.58791548653033
CD8T	4646	4647	2.23863024114202
CD8T	4647	4648	4.66905181243131
CD8T	4648	4649	1.6848688061171
CD8T	4649	4650	2.18651150305622
CD8T	4650	4651	2.82900684407875
CD8T	4651	4652	2.33363052824106
CD8T	4652	4653	2.62022784104085
CD8T	4779	4780	1.8225503411135
CD8T	4780	4781	1.1608048239992
CD8T	4781	4782	1.24991315180461
CD8T	4782	4783	1.54090790486032
CD8T	4783	4784	2.15498549876768
CD8T	4784	4785	2.24151792329296
CD8T	4785	4786	1.41047304471184
CD8T	4786	4787	1.95609318492501
CD8T	4787	4788	3.60455661738663
CD8T	4788	4789	1.56608747156049
CD8T	4789	4790	2.35048605339435
CD8T	4790	4791	1.55273946509042
CD8T	4791	4792	1.98424114254952
CD8T	4792	4793	5.07485845798113
CD8T	4793	4794	2.43729487214826
CD8T	4794	4795	3.57881537496386
CD8T	4795	4796	2.89590438029263
CD8T	4796	4797	2.63331922965075
CD8T	4797	4798	1.64222773525709
CD8T	4798	4799	3.88986311094152
CD8T	4799	4800	1.89914859896049
CD8T	4800	4801	2.97841908235231
CD8T	4801	4802	2.22618587747542
CD8T	4802	4803	2.57087749634893
CD8T	4803	4804	2.9343588184488
CD8T	4804	4805	2.99269736985884
CD8T	4805	4806	2.30146086578177
CD8T	4806	4807	3.61599092927982
CD8T	4807	4808	3.08031932592996
CD8T	4808	4809	1.36863271599538
CD8T	4809	4810	2.58210435582863
CD8T	4810	4811	2.83757434938484
CD8T	4811	4812	2.96336733422228
CD8T	4812	4813	2.83020667073977
CD8T	4813	4814	2.76011485767267
CD8T	4814	4815	2.02053536806578
CD8T	4815	4816	2.52157578583493
CD8T	4816	4817	1.81548135419864
CD8T	4817	4818	4.62213447994541
CD8T	4818	4819	2.7987536969839
CD8T	4819	4820	4.13477303670055
CD8T	4820	4821	3.4838703799413
CD8T	4821	4822	4.92650703912251
CD8T	4822	4823	2.20868396862704
CD8T	4823	4824	2.07247287236374
CD8T	4824	4825	2.67936874037511
CD8T	4825	4826	3.86715465629742
CD8T	4826	4827	2.24937039673295
CD8T	4827	4828	1.2133165770732
CD8T	4828	4829	2.83472050334679
CD8T	4829	4830	3.00629112562434
CD8T	4830	4831	4.92492143584396
CD8T	4831	4832	5.2074880509248
CD8T	4832	4833	2.70777024589321
CD8T	4833	4834	1.55745419419753
CD8T	4834	4835	3.7285179703709
CD8T	4835	4836	2.36579551251775
CD8T	4836	4837	3.11718562371126
CD8T	4837	4838	2.30308024278697
CD8T	4920	4921	3.28856952337587
CD8T	4921	4922	3.42157706129258
CD8T	4922	4923	3.22041310418709
CD8T	4923	4924	1.40169608037316
CD8T	4924	4925	2.39336217346739
CD8T	4925	4926	2.77799587754345
CD8T	4926	4927	3.70734854511929
CD8T	4927	4928	1.99715643988196
CD8T	4928	4929	3.6757951892365
CD8T	4929	4930	3.51901276355263
CD8T	4930	4931	2.92973352271766
CD8T	4931	4932	1.70501405240734
CD8T	4932	4933	3.65603055463394
CD8T	4933	4934	3.37140832444297
CD8T	4934	4935	4.32884855515925
CD8T	4935	4936	4.40637357678354
CD8T	4936	4937	3.70797876892573
CD8T	4937	4938	3.22537176711725
CD8T	4938	4939	1.61490021214288
CD8T	4939	4940	3.30072873981737
CD8T	4940	4941	3.96880174641689
CD8T	4941	4942	4.04124523874165
CD8T	4942	4943	4.44380188047113
CD8T	4943	4944	3.46148304504618
CD8T	4944	4945	4.41203964645436
CD8T	4945	4946	3.30190404850641
CD8T	4946	4947	1.80500636703265
CD8T	4947	4948	3.2741883021348
CD8T	4948	4949	3.62069794169786
CD8T	4949	4950	3.88908135203318
CD8T	4950	4951	2.16175801784765
CD8T	4951	4952	3.88401538044124
CD8T	4952	4953	3.38287333552266
CD8T	4953	4954	2.99517432063312
CD8T	4954	4955	4.15608612869579
CD8T	4955	4956	4.24355154363273
CD8T	4956	4957	2.38825432080366
CD8T	4957	4958	3.31612493385312
CD8T	4958	4959	2.72026839821151
CD8T	4959	4960	3.63316620935858
CD8T	4960	4961	2.79345838500717
CD8T	4961	4962	2.54813097310321
CD8T	4962	4963	2.47209950418533
CD8T	4963	4964	3.02567173815263
CD8T	4964	4965	4.07183621144103
CD8T	4965	4966	3.31680757541635
CD8T	4966	4967	4.48015468314146
CD8T	4967	4968	3.26958577393738
CD8T	4968	4969	1.6525548027901
CD8T	4969	4970	3.97519038839628
CD8T	4970	4971	2.87984048562599
CD8T	4971	4972	1.39293088623189
CD8T	4972	4973	3.97741504697999
CD8T	4973	4974	4.52005089991025
CD8T	4974	4975	4.43825053531004
CD8T	4975	4976	2.72126273109364
CD8T	4976	4977	1.61425526418314
CD8T	4977	4978	4.05562967687359
CD8T	4978	4979	3.9006045058309
CD8T	4979	4980	1.78843389250168
CD8T	4980	4981	2.09058973266341
CD8T	4981	4982	2.87588237125672
CD8T	4982	4983	3.27949563493241
CD8T	4983	4984	2.94368140337263
CD8T	4984	4985	2.15498549876768
CD8T	4985	4986	3.83010991338803
CD8T	4986	4987	3.53935850873512
CD8T	4987	4988	2.88116376274183
CD8T	4988	4989	2.11424399841647
CD8T	4989	4990	4.60581389730855
CD8T	4990	4991	2.96660730717363
CD8T	4991	4992	5.19462741719238
CD8T	4992	4993	3.51663221872846
CD8T	4993	4994	4.40352118309913
CD8T	4994	4995	4.48547743324543
CD8T	4995	4996	4.86552561850292
CD8T	4996	4997	4.0352234392143
CD8T	4997	4998	3.42024966904624
CD8T	4998	4999	4.18374132816186
CD8T	4999	5000	1.35109189108898
CD8T	5000	5001	5.48812200340187
CD8T	5001	5002	5.40180670589529
CD8T	5002	5003	1.69786877827459
CD8T	5003	5004	2.72625138255313
CD8T	5004	5005	3.32206604821318
CD8T	5005	5006	4.15446348811501
CD8T	5016	5017	3.1438346440145
CD8T	5017	5018	1.39134050249977
CD8T	5018	5019	4.31228943862707
CD8T	5019	5020	2.32359723771392
CD8T	5020	5021	1.13309846473928
CD8T	5021	5022	3.26514995771749
CD8T	5022	5023	2.11057028925179
CD8T	5024	5025	2.05483759388441
CD8T	5025	5026	5.37290550900021
CD8T	5026	5027	2.41280038707844
CD8T	5027	5028	2.73254415731021
CD8T	5028	5029	3.23671093947267
CD8T	5029	5030	1.59581825460255
CD8T	5030	5031	3.01086811188981
CD8T	5031	5032	3.27263308627045
CD8T	5032	5033	1.79175946922805
CD8T	5033	5034	2.53514475418671
CD8T	5035	5036	2.4482936798546
CD8T	5036	5037	2.38270992926805
CD8T	5037	5038	1.43998012138993
CD8T	5038	5039	2.12261371354504
CD8T	5039	5040	3.09298542820658
CD8T	5040	5041	1.3090630131839
CD8T	5041	5042	2.97968479661491
CD8T	5042	5043	1.49729262212157
CD8T	5043	5044	2.40703610426903
CD8T	5044	5045	1.54631201209023
CD8T	5045	5046	2.28109034946334
CD8T	5046	5047	1.99221908289523
CD8T	5047	5048	3.43762327830374
CD8T	5048	5049	1.69025567164657
CD8T	5050	5051	3.36802024897378
CD8T	5051	5052	2.34869923978144
CD8T	5052	5053	1.45907181811494
CD8T	5053	5054	2.36864297493186
CD8T	5054	5055	2.20400880331221
CD8T	5056	5057	4.88251698326605
CD8T	5057	5058	1.50520617489663
CD8T	5058	5059	1.3037610757724
CD8T	5059	5060	4.17775392774193
CD8T	5060	5061	1.14552206148921
CD8T	5061	5062	3.80708770504195
CD8T	5062	5063	4.49003785254844
CD8T	5063	5064	3.94886013478667
CD8T	5064	5065	4.99299811744277
CD8T	5065	5066	3.85556089672183
CD8T	5066	5067	4.43812821612909
CD8T	5067	5068	3.30543892212377
CD8T	5068	5069	1.32597869101979
CD8T	5069	5070	3.88285009780412
CD8T	5070	5071	1.62181863846854
CD8T	5071	5072	2.98530696498841
CD8T	5072	5073	1.68746719034739
CD8T	5074	5075	1.43277268444583
CD8T	5075	5076	2.17478717681931
CD8T	5076	5077	2.27715511325224
CD8T	5077	5078	1.25160346534629
CD8T	5078	5079	3.32091398005747
CD8T	5079	5080	3.82815239095359
CD8T	5080	5081	2.6321208856186
CD8T	5081	5082	1.08041568761965
CD8T	5082	5083	3.96780800924169
CD8T	5083	5084	3.51756423045142
CD8T	5084	5085	1.91513784442023
CD8T	5085	5086	1.0668512921214
CD8T	5086	5087	2.98078318541616
CD8T	5087	5088	2.75845263385733
CD8T	5088	5089	3.31783247818714
CD8T	5089	5090	2.43634246842745
CD8T	5090	5091	1.13639179193293
CD8T	5091	5092	1.80207155849832
CD8T	5092	5093	1.42901930578623
CD8T	5093	5094	1.36928840599816
CD8T	5094	5095	1.70618139282848
CD8T	5095	5096	2.01977908212278
CD8T	5096	5097	1.81247289524377
CD8T	5097	5098	3.42694178821651
CD8T	5098	5099	3.02682054921657
CD8T	5099	5100	1.5325059089889
CD8T	5100	5101	1.64404469158878
CD8T	5101	5102	1.149043142295
CD8T	5103	5104	1.26778505975402
CD8T	5104	5105	1.03879754512904
CD8T	5105	5106	2.85789770883682
CD8T	5106	5107	2.42656377952057
CD8T	5107	5108	1.42325256811428
CD8T	5108	5109	2.32658680969872
CD8T	5109	5110	3.76604165183705
CD8T	5110	5111	1.03492035402362
CD8T	5111	5112	3.22433940164276
CD8T	5113	5114	3.03222506854499
CD8T	5115	5116	1.90326544635738
CD8T	5116	5117	4.56132051024139
CD8T	5117	5118	3.21065653505328
CD8T	5118	5119	1.43850735460176
CD8T	5119	5120	2.73676454423815
CD8T	5120	5121	3.83277296822967
CD8T	5121	5122	2.2763703435199
CD8T	5122	5123	1.11556184698188
CD8T	5123	5124	3.10480758519955
CD8T	5124	5125	1.41086349031925
CD8T	5125	5126	2.39481008288069
CD8T	5126	5127	2.10028024742432
CD8T	5127	5128	2.32451187576205
CD8T	5128	5129	2.63963788115551
CD8T	5129	5130	1.75166176372084
CD8T	5130	5131	3.24291720540823
CD8T	5131	5132	1.74314906020902
CD8T	5132	5133	2.09755894142796
CD8T	5133	5134	2.21167802902108
CD8T	5134	5135	2.43888461733157
CD8T	5135	5136	2.10960414413062
CD8T	5137	5138	2.83951009843066
CD8T	5138	5139	1.99185462510597
CD8T	5139	5140	1.76665172089042
CD8T	5140	5141	1.96729730943955
CD8T	5141	5142	2.41303178782513
CD8T	5142	5143	2.66617834639798
CD8T	5143	5144	3.60692547277157
CD8T	5144	5145	4.5776157606756
CD8T	5145	5146	1.09185819068431
CD8T	5146	5147	1.56101275503263
CD8T	5147	5148	1.93248826900718
CD8T	5148	5149	1.57392569303943
CD8T	5149	5150	2.62114701270085
CD8T	5150	5151	2.11777415140303
CD8T	5151	5152	2.78549510581494
CD8T	5152	5153	3.66836584682708
CD8T	5153	5154	1.01096498160935
CD8T	5154	5155	2.48819776293427
CD8T	5155	5156	3.85040863016364
CD8T	5156	5157	2.14604461465819
CD8T	5157	5158	1.24110082267967
CD8T	5158	5159	2.6731163950223
CD8T	5159	5160	1.59269054257672
CD8T	5160	5161	3.35081268264876
CD8T	5161	5162	4.5432354223676
CD8T	5162	5163	2.6322705879545
CD8T	5163	5164	2.08501772350135
CD8T	5164	5165	1.83335888087173
CD8T	5166	5167	2.90319132058639
CD8T	5167	5168	1.94728283286729
CD8T	5168	5169	3.90567763660859
CD8T	5169	5170	1.96800312696547
CD8T	5170	5171	1.66044776584634
CD8T	5171	5172	3.06388039933516
CD8T	5172	5173	4.08912317690365
CD8T	5174	5175	2.70534771263704
CD8T	5175	5176	1.56086409362796
CD8T	5176	5177	1.4118798241566
CD8T	5177	5178	2.49616449684084
CD8T	5178	5179	1.57711785954129
CD8T	5179	5180	2.06859755942679
CD8T	5180	5181	2.7050686207867
CD8T	5181	5182	2.03707518825094
CD8T	5182	5183	2.52562131773639
CD8T	5183	5184	2.31040734706323
CD8T	5184	5185	2.96244731196505
CD8T	5185	5186	2.67865251332093
CD8T	5290	5291	2.01251105196222
CD8T	5291	5292	2.13602572163241
CD8T	5292	5293	1.88456240551596
CD8T	5293	5294	3.36387169330378
CD8T	5294	5295	2.24747580923981
CD8T	5296	5297	3.73529830454425
CD8T	5297	5298	2.88514538820607
CD8T	5299	5300	2.82827916762473
CD8T	5300	5301	2.77872844959355
CD8T	5301	5302	1.94736870905764
CD8T	5302	5303	1.39081130731919
CD8T	5303	5304	1.02737474732733
CD8T	5304	5305	2.25119338353638
CD8T	5305	5306	1.89280047018115
CD8T	5306	5307	3.3525916196554
CD8T	5307	5308	1.90862732886202
CD8T	5308	5309	2.01122853245675
CD8T	5309	5310	2.76015447268417
CD8T	5310	5311	1.42901930578623
CD8T	5311	5312	2.32119078890598
CD8T	5312	5313	1.50015396828506
CD8T	5313	5314	3.27589463266109
CD8T	5314	5315	4.35016936176269
CD8T	5315	5316	1.5737235385081
CD8T	5317	5318	1.83571724115939
CD8T	5319	5320	4.02693669715512
CD8T	5320	5321	2.28734702558909
CD8T	5321	5322	3.04357055530421
CD8T	5322	5323	2.41674293930145
CD8T	5323	5324	3.43350345834568
CD8T	5324	5325	2.02252417882334
CD8T	5325	5326	3.40157668931868
CD8T	5326	5327	2.95009354400732
CD8T	5327	5328	2.77036496457897
CD8T	5328	5329	1.98451174135764
CD8T	5329	5330	1.70772037026749
CD8T	5330	5331	1.74577992111071
CD8T	5332	5333	2.2043674648486
CD8T	5333	5334	2.63589270715888
CD8T	5334	5335	2.02571705049104
CD8T	5335	5336	2.32851497742273
CD8T	5336	5337	1.7236789803146
CD8T	5337	5338	1.43813971193159
CD8T	5338	5339	2.48819776293427
CD8T	5339	5340	3.09314487191318
CD8T	5341	5342	2.09980857366476
CD8T	5342	5343	3.78860168928075
CD8T	5343	5344	2.50399192829732
CD8T	5344	5345	1.09954649399429
CD8T	5345	5346	1.66895739931668
CD8T	5346	5347	2.2867906936748
CD8T	5347	5348	3.37013231943258
CD8T	5348	5349	1.24725468327683
CD8T	5349	5350	2.40359654251733
CD8T	5350	5351	2.34064247339332
CD8T	5351	5352	2.95009354400732
CD8T	5352	5353	1.71884030211347
CD8T	5353	5354	2.23229118830336
CD8T	5354	5355	2.14860478865585
CD8T	5355	5356	1.79314970996358
CD8T	5356	5357	1.36377409133926
CD8T	5357	5358	2.19367690177495
CD8T	5358	5359	1.94180711161461
CD8T	5359	5360	3.53950612868187
CD8T	5360	5361	2.12867818163537
CD8T	5361	5362	1.2001828512909
CD8T	5362	5363	2.6852046975842
CD8T	5363	5364	2.50357664595344
CD8T	5365	5366	1.98812897989996
CD8T	5366	5367	3.39729589972556
CD8T	5367	5368	1.9069519282095
CD8T	5368	5369	1.75918329879344
CD8T	5369	5370	1.28058728507045
CD8T	5370	5371	1.9650079517119
CD8T	5371	5372	1.59974876066968
CD8T	5372	5373	2.70299373171094
CD8T	5373	5374	3.11581152147072
CD8T	5374	5375	1.61071914259015
CD8T	5375	5376	3.06669522635601
CD8T	5377	5378	2.36521262536801
CD8T	5378	5379	1.163068316302
CD8T	5380	5381	1.62771214843233
CD8T	5381	5382	2.26391595183489
CD8T	5383	5384	2.87364719989309
CD8T	5384	5385	1.52980809352606
CD8T	5385	5386	2.98514766562668
CD8T	5386	5387	1.82611097898999
CD8T	5387	5388	2.11697044870162
CD8T	5390	5391	1.77650710215293
CD8T	5391	5392	2.5740062472535
CD8T	5392	5393	1.39338605436429
CD8T	5393	5394	1.66442885886046
CD8T	5394	5395	1.33426468967403
CD8T	5395	5396	1.90512958029627
CD8T	5396	5397	3.41841831720416
CD8T	5397	5398	3.64189511985827
CD8T	5398	5399	3.16330171044824
CD8T	5399	5400	1.62154704122385
CD8T	5400	5401	1.57291554223177
CD8T	5401	5402	1.98622777949788
CD8T	5403	5404	1.442319215766
CD8T	5404	5405	2.53769558889521
CD8T	5405	5406	3.06767161959039
CD8T	5406	5407	2.15836452739886
CD8T	5407	5408	1.39156744301805
CD8T	5408	5409	1.18958406687384
CD8T	5409	5410	3.22118270487622
CD8T	5410	5411	2.56587293175947
CD8T	5411	5412	1.68103402933292
CD8T	5412	5413	1.86949701340308
CD8T	5413	5414	1.20967283031442
CD8T	5414	5415	1.92261926725517
CD8T	5415	5416	5.05473664086083
CD8T	5416	5417	1.07149945912718
CD8T	5417	5418	1.0708687410638
CD8T	5418	5419	2.07514841629225
CD8T	5419	5420	1.97385143125576
CD8T	5420	5421	2.39953324499147
CD8T	5421	5422	1.20327325900185
CD8T	5423	5424	4.00607911470526
CD8T	5424	5425	2.415163686325
CD8T	5425	5426	1.64424687740413
CD8T	5426	5427	1.02040135389427
CD8T	5427	5428	2.47522272335532
CD8T	5428	5429	1.86655370619308
CD8T	5429	5430	1.91314177354658
CD8T	5431	5432	2.66870749564443
CD8T	5433	5434	1.11805017129161
CD8T	5434	5435	1.1940549091096
CD8T	5435	5436	1.74597519212387
CD8T	5562	5563	1.63954489842766
CD8T	5564	5565	1.8739064745393
CD8T	5565	5566	5.18586388868642
CD8T	5566	5567	2.66836555667912
CD8T	5567	5568	5.38707850871918
CD8T	5568	5569	1.39424042284132
CD8T	5569	5570	1.13891179827226
CD8T	5570	5571	2.0981263440635
CD8T	5572	5573	1.392703431126
CD8T	5573	5574	2.79890227407162
CD8T	5574	5575	4.43910244567487
CD8T	5575	5576	3.35066067681393
CD8T	5576	5577	3.27381266624898
CD8T	5578	5579	1.05996106342483
CD8T	5579	5580	3.17192725481418
CD8T	5580	5581	3.30137053085735
CD8T	5581	5582	1.88978981391945
CD8T	5583	5584	1.85874050999391
CD8T	5584	5585	2.25593642131857
CD8T	5585	5586	3.93473117854595
CD8T	5586	5587	2.17755756942965
CD8T	5587	5588	3.8551000499557
CD8T	5589	5590	1.18799637117936
CD8T	5590	5591	2.32332027555906
CD8T	5591	5592	3.37472588028035
CD8T	5592	5593	2.03442209719587
CD8T	5593	5594	3.46176445737546
CD8T	5594	5595	1.08511670068315
CD8T	5595	5596	1.59550481813018
CD8T	5596	5597	1.66890747148984
CD8T	5597	5598	1.42823520939147
CD8T	5598	5599	2.19975697556366
CD8T	5599	5600	2.15485063684801
CD8T	5600	5601	1.62617922418319
CD8T	5601	5602	3.16205586415658
CD8T	5602	5603	3.51346188348918
CD8T	5603	5604	2.2812876113195
CD8T	5604	5605	1.63017212612506
CD8T	5605	5606	2.40581152410102
CD8T	5606	5607	1.66390826461815
CD8T	5607	5608	1.607680232119
CD8T	5608	5609	2.39055398195803
CD8T	5610	5611	3.5288158813975
CD8T	5613	5614	2.19049739994173
CD8T	5614	5615	2.84610635101745
CD8T	5615	5616	2.79913785363321
CD8T	5616	5617	1.46826310945047
CD8T	5617	5618	1.98462774184159
CD8T	5621	5622	2.51870553229693
CD8T	5622	5623	3.82099390834096
CD8T	5624	5625	2.6522924557348
CD8T	5625	5626	1.81882687553333
CD8T	5626	5627	2.58922226986132
CD8T	5627	5628	1.0648133914848
CD8T	5628	5629	3.40106447443724
CD8T	5629	5630	2.5552874465498
CD8T	5631	5632	2.83486417567849
CD8T	5632	5633	1.24296903319929
CD8T	5633	5634	2.47839723775951
CD8T	5634	5635	2.23316716348027
CD8T	5635	5636	1.44375990464064
CD8T	5735	5736	1.163068316302
CD8T	5736	5737	1.13381261020535
CD4T	1	2	1.42373106074152
CD4T	2	3	2.89881703274323
CD4T	3	4	1.38569466095199
CD4T	289	290	3.18837766846499
CD4T	290	291	1.80670617192086
CD4T	291	292	3.31368290847956
CD4T	292	293	1.17222122967512
CD4T	293	294	1.139128374041
CD4T	294	295	1.38817229594409
CD4T	295	296	1.26303573531739
CD4T	1307	1308	3.15181750766845
CD4T	1347	1348	1.04461329837336
CD4T	1348	1349	1.82917698226177
CD4T	1349	1350	1.4978180344897
CD4T	1351	1352	4.42968740528543
CD4T	1352	1353	4.23089754097172
CD4T	1354	1355	1.13985095163261
CD4T	1355	1356	3.23622171123619
CD4T	1356	1357	3.32305993339849
CD4T	1357	1358	3.94988631106996
CD4T	1358	1359	1.67881431977764
CD4T	1359	1360	2.19243892513185
CD4T	1360	1361	1.10762620682353
CD4T	1361	1362	2.9811778048122
CD4T	1363	1364	1.61619197847266
CD4T	1364	1365	2.68266252412226
CD4T	1365	1366	1.99185462510597
CD4T	1366	1367	1.10627052843443
CD4T	1367	1368	3.10798117450461
CD4T	1368	1369	3.35304533840506
CD4T	1369	1370	1.15810150344773
CD4T	1370	1371	1.72851972472276
CD4T	1371	1372	1.20539802156231
CD4T	1373	1374	1.0357401555066
CD4T	1374	1375	1.18428381466939
CD4T	1377	1378	1.82066813086218
CD4T	1378	1379	1.14217002983116
CD4T	1379	1380	2.77282312837292
CD4T	1380	1381	1.10021485311365
CD4T	1385	1386	2.38544338491221
CD4T	1387	1388	2.14977632440735
CD4T	1388	1389	2.89919113579812
CD4T	1389	1390	1.72944104758572
CD4T	1390	1391	3.61853765872488
CD4T	1391	1392	2.82368176259655
CD4T	1392	1393	1.40627215097039
CD4T	1393	1394	3.57492958718851
CD4T	1394	1395	1.00808240420518
CD4T	1395	1396	2.72929543715082
CD4T	1396	1397	1.01768579834757
CD4T	1398	1399	3.57957750898352
CD4T	1399	1400	2.94163912868057
CD4T	1400	1401	1.92896059074154
CD4T	1401	1402	1.78843389250168
CD4T	1402	1403	1.24867094577686
CD4T	1404	1405	1.03585738535694
CD4T	1405	1406	2.90859484481995
CD4T	1406	1407	2.99777113143031
CD4T	1407	1408	1.04796855584935
CD4T	1409	1410	2.19598109988056
CD4T	1410	1411	2.08810836524805
CD4T	1411	1412	3.5097012667654
CD4T	1412	1413	1.19759412221696
CD4T	1413	1414	5.31925602782885
CD4T	1415	1416	2.26061212961471
CD4T	1416	1417	1.89385471047948
CD4T	1417	1418	2.2293869384294
CD4T	1418	1419	1.61307447454647
CD4T	1419	1420	1.0376193042572
CD4T	1420	1421	2.75453616780879
CD4T	1421	1422	1.24066387448039
CD4T	1422	1423	1.4336234045326
CD4T	1423	1424	1.95193426365869
CD4T	1424	1425	2.48365479856426
CD4T	1425	1426	2.5116320170921
CD4T	1426	1427	1.84134927991218
CD4T	1427	1428	1.6398796706598
CD4T	1428	1429	2.01235061925175
CD4T	1429	1430	1.43973441589081
CD4T	1430	1431	1.50493352789445
CD4T	1431	1432	1.30768372708065
CD4T	1432	1433	1.13883962658502
CD4T	1433	1434	1.72084710114249
CD4T	1434	1435	1.4088359077262
CD4T	1435	1436	1.18044069562251
CD4T	1436	1437	2.6391164225389
CD4T	1437	1438	1.22050993875609
CD4T	1439	1440	1.9060634091261
CD4T	1440	1441	3.21122760402994
CD4T	1441	1442	1.14057454386996
CD4T	1442	1443	2.34336188875274
CD4T	1443	1444	1.21966859190947
CD4T	1444	1445	1.3025894956157
CD4T	1445	1446	2.68297989084439
CD4T	1446	1447	2.54529103926899
CD4T	1447	1448	2.66114200133636
CD4T	1449	1450	1.33881560799499
CD4T	1450	1451	2.05953028720443
CD4T	1451	1452	1.41541107135065
CD4T	1452	1453	3.30577627918541
CD4T	1453	1454	2.42673485621259
CD4T	1454	1455	3.19238003110314
CD4T	1455	1456	1.23865836231383
CD4T	1456	1457	2.02309335995783
CD4T	1457	1458	1.42468916998253
CD4T	1458	1459	3.55529625338662
CD4T	1459	1460	1.31312148843433
CD4T	1460	1461	1.74188585581586
CD4T	1462	1463	2.7050686207867
CD4T	1463	1464	3.57611052874982
CD4T	1465	1466	1.21681771081441
CD4T	1466	1467	3.78233461752105
CD4T	1467	1468	1.84627595203225
CD4T	1468	1469	2.67187059702765
CD4T	4548	4549	2.45624829490049
CD4T	4551	4552	1.72462550250993
CD4T	4552	4553	2.6919133612096
CD4T	4553	4554	2.13449762203116
CD4T	4554	4555	2.39358824342638
CD4T	4555	4556	1.93097436563771
CD4T	4556	4557	3.65035390696187
CD4T	4557	4558	2.05803927498675
CD4T	4558	4559	1.82983567764063
CD4T	4559	4560	1.69951114459015
CD4T	4561	4562	1.16731984081684
CD4T	4878	4879	1.2014819110892
CD4T	4880	4881	1.75547848529004
CD4T	4881	4882	2.17202639373152
CD4T	4882	4883	2.82294683496395
CD4T	4883	4884	2.50351938157199
CD4T	4884	4885	2.38988199515725
CD4T	4885	4886	1.46326769867346
CD4T	4886	4887	1.49600115062546
CD4T	4887	4888	1.71840208497233
CD4T	4888	4889	2.53142403555682
CD4T	4889	4890	1.82414682357231
CD4T	4890	4891	1.06410835100195
CD4T	4891	4892	1.59082098285834
CD4T	4892	4893	1.0241610348759
CD4T	4893	4894	2.92791795258648
CD4T	4894	4895	2.9576325380762
CD4T	4896	4897	2.05684853102173
CD4T	4897	4898	1.85304836424335
CD4T	4898	4899	1.02679926404938
CD4T	4899	4900	2.17547887170819
CD4T	4900	4901	1.54037956806927
CD4T	4901	4902	2.569577209917
CD4T	4902	4903	1.730140793513
CD4T	4903	4904	2.8869610958529
CD4T	4904	4905	1.81154424925116
CD4T	4905	4906	1.11528611944719
CD4T	4906	4907	3.33769782499893
CD4T	4907	4908	4.58136444971367
CD4T	4908	4909	1.16632980492851
CD4T	4909	4910	2.77612946978419
CD4T	4910	4911	3.22784392800473
CD4T	4911	4912	1.04736768095746
CD4T	4912	4913	2.61504628643375
CD4T	4913	4914	3.27949563493241
CD4T	4914	4915	1.93349924510824
CD4T	4915	4916	1.01107620681292
CD4T	5288	5289	1.06747684508368
CD4T	5549	5550	4.76424476765286
CD4T	5550	5551	3.824069948216
CD4T	5552	5553	3.35877884814607
CD4T	5553	5554	2.97292679100206
CD4T	5556	5557	4.31081210675076
CD4T	5558	5559	2.70061522261469
CD4T	5559	5560	2.92914655265269
CD4T	5560	5561	3.56874231001191
CD4T	5561	5562	4.483551984464
CD4T	5562	5563	2.34364567757376
CD4T	5563	5564	2.69287596471807
CD4T	5564	5565	5.33884534279207
CD4T	5565	5566	4.05730329054175
CD4T	5566	5567	3.56429003243312
CD4T	5568	5569	4.06043135076874
CD4T	5569	5570	3.48073743525104
CD4T	5570	5571	4.44926072282083
CD4T	5571	5572	5.2537741355923
CD4T	5572	5573	5.04303167224768
CD4T	5573	5574	5.67443117776565
CD4T	5574	5575	2.60249680578912
CD4T	5575	5576	3.13995973208889
CD4T	5576	5577	3.8102560062003
CD4T	5577	5578	1.58759288015065
CD4T	5578	5579	2.61331622110241
CD4T	5579	5580	2.49967515725002
CD4T	5580	5581	3.75336953588083
CD4T	5581	5582	3.01491507358341
CD4T	5583	5584	4.39330056058669
CD4T	5584	5585	3.40157668931868
CD4T	5585	5586	4.1806259176319
CD4T	5586	5587	3.41582562272262
CD4T	5587	5588	1.01124309436028
CD4T	5588	5589	1.97274919982976
CD4T	5589	5590	1.55913220742135
CD4T	5590	5591	2.16890072807734
CD4T	5591	5592	3.04617807970037
CD4T	5592	5593	2.23676063842227
CD4T	5593	5594	2.10881936482397
CD4T	5594	5595	3.47741940117941
CD4T	5595	5596	2.64996674108913
CD4T	5596	5597	5.384779838079
CD4T	5597	5598	3.06238373553151
CD4T	5598	5599	4.26537101289096
CD4T	5599	5600	4.56644835827176
CD4T	5600	5601	2.86697506219861
CD4T	5601	5602	3.68182364532811
CD4T	5602	5603	3.80509932333009
CD4T	5603	5604	3.66359087734859
CD4T	5604	5605	1.7491069261629
CD4T	5605	5606	2.60095532030742
CD4T	5606	5607	5.60091492191248
CD4T	5607	5608	2.94766580891986
CD4T	5608	5609	4.95473540860683
CD4T	5609	5610	4.87735751053343
CD4T	5610	5611	3.68663959341219
CD4T	5611	5612	3.86262012608613
CD4T	5612	5613	3.64189511985827
CD4T	5613	5614	3.03370274872744
CD4T	5614	5615	5.92314581422104
CD4T	5615	5616	3.3393798520823
CD4T	5616	5617	4.55579952095066
CD4T	5617	5618	3.10579734522397
CD4T	5618	5619	2.66176134654533
CD4T	5619	5620	3.20163000995321
CD4T	5620	5621	4.86436117731774
CD4T	5621	5622	2.13282012624402
CD4T	5622	5623	2.72159442620997
CD4T	5623	5624	4.34457653704666
CD4T	5624	5625	3.38038951891711
CD4T	5625	5626	3.27060043188348
CD4T	5626	5627	3.35853159937255
CD4T	5627	5628	3.32764737892759
CD4T	5628	5629	3.03053540265714
CD4T	5629	5630	3.0797181097683
CD4T	5630	5631	1.34361157123749
CD4T	5631	5632	4.44581873967177
CD4T	5632	5633	4.52005089991025
CD4T	5633	5634	2.90418162127706
CD4T	5634	5635	1.27712615422915
CD4T	5635	5636	3.40445749978341
CD4T	5637	5638	1.79155116627148
CD4T	5638	5639	4.85708379407037
CD4T	5639	5640	3.44189315224332
CD4T	5640	5641	3.79567185002681
CD4T	5641	5642	4.10577257975442
CD4T	5642	5643	3.18695284822011
CD4T	5643	5644	2.78130347697268
CD4T	5644	5645	3.89412510336047
CD4T	5646	5647	5.21302306994893
CD4T	5647	5648	2.59519918635871
CD4T	5648	5649	5.31746875052347
CD4T	5649	5650	4.91070783284924
CD4T	5650	5651	2.10204368094286
CD4T	5651	5652	4.92172962964994
CD4T	5652	5653	5.55537637651081
CD4T	5653	5654	5.52515297968405
CD4T	5654	5655	3.17250489557719
CD4T	5655	5656	2.05180823273934
CD4T	5656	5657	1.70409385603583
CD4T	5657	5658	3.67158517253952
CD4T	5658	5659	2.68873690554052
CD4T	5659	5660	3.95619594960359
CD4T	5660	5661	4.46991166830045
CD4T	5661	5662	2.68110621526823
CD4T	5663	5664	3.5752221029042
CD4T	5664	5665	1.78182890102545
CD4T	5665	5666	1.86780234033817
CD4T	5666	5667	2.52368410011504
CD4T	5667	5668	4.9902144331391
CD4T	5668	5669	3.01279298290185
CD4T	5669	5670	1.9527988100505
CD4T	5670	5671	2.51342608181223
CD4T	5672	5673	2.99940399862824
CD4T	5673	5674	4.35558893499605
CD4T	5674	5675	2.85874594951529
CD4T	5675	5676	3.22736271156886
CD4T	5676	5677	2.72064705869135
CD4T	5677	5678	1.43004617697907
CD4T	5678	5679	4.41217273809536
CD4T	5680	5681	2.59400849096693
CD4T	5681	5682	3.89927704184739
CD4T	5682	5683	2.15836452739886
CD4T	5683	5684	5.25880003535481
CD4T	5684	5685	3.73229136407719
CD4T	5685	5686	4.30472470499203
CD4T	5686	5687	4.20699029447328
CD4T	5687	5688	2.93886679412076
CD4T	5688	5689	2.94278936415316
CD4T	5689	5690	3.3437996085893
CD4T	5690	5691	4.21295304129316
CD4T	5691	5692	2.4525405284916
CD4T	5693	5694	2.77611136864738
CD4T	5694	5695	2.40664920060486
CD4T	5695	5696	3.86774975640368
CD4T	5697	5698	5.00252627310405
CD4T	5698	5699	2.20162182129297
CD4T	5699	5700	4.11713155625828
CD4T	5701	5702	3.17779511672811
CD4T	5702	5703	3.6161453939242
CD4T	5703	5704	2.415163686325
CD4T	5704	5705	4.84523557772002
CD4T	5705	5706	1.76117604585597
CD4T	5706	5707	3.58431649680282
CD4T	5707	5708	4.6050909891876
CD4T	5708	5709	2.27715511325224
CD4T	5709	5710	4.34871628507548
CD4T	5710	5711	1.02358945358852
CD4T	5711	5712	5.01232540733846
CD4T	5712	5713	3.5879144770193
CD4T	5713	5714	2.52150058537208
CD4T	5714	5715	3.5662912025572
CD4T	5715	5716	3.26050350977037
CD4T	5716	5717	4.05518771148053
CD4T	5717	5718	2.50903445016341
CD4T	5718	5719	1.02610960789838
CD4T	5719	5720	3.31798203758341
CD4T	5720	5721	1.50289238988695
CD4T	5721	5722	2.22520349012658
CD4T	5722	5723	4.03240480506134
CD4T	5723	5724	2.77113159280399
CD4T	5724	5725	4.7093368562488
CD4T	5726	5727	4.12175446740286
CD4T	5727	5728	3.67908258638818
CD4T	5728	5729	2.56354742773422
CD4T	5729	5730	2.22006554026093
CD4T	5730	5731	4.19475651617542
CD4T	5732	5733	2.8207521236184
CD4T	5733	5734	3.37795569248568
CD4T	5734	5735	3.30149175796581
CD4T	5735	5736	4.33528342469643
CD4T	5736	5737	5.08923704756718
CD4T	5737	5738	1.29638127734271
CD4T	5738	5739	3.58060675933762
CD4T	5739	5740	3.18383794421082
CD4T	5740	5741	3.92658782481411
CD4T	5741	5742	3.11787344929481
CD4T	5742	5743	1.87328444292206
CD4T	5743	5744	2.76546909459831
CD4T	5744	5745	2.0249936887696
CD4T	5745	5746	2.99179833952829
CD4T	5746	5747	3.15108335706531
CD4T	5747	5748	3.63559506179089
CD4T	5748	5749	4.70130647075472
CD4T	5749	5750	3.79276628168697
CD4T	5750	5751	2.80141328041454
CD4T	5751	5752	3.35960348436332
CD4T	5752	5753	1.37191841883634
CD4T	5753	5754	2.71839328636184
CD4T	5754	5755	2.1680554386388
CD4T	5755	5756	2.88139080709442
CD4T	5756	5757	1.31841052988947
CD4T	5757	5758	5.68577652388065
CD4T	5758	5759	3.99680509026084
CD4T	5759	5760	2.95618138353436
CD4T	5760	5761	3.41133517987647
CD4T	5761	5762	3.15523839486796
CD4T	5762	5763	2.6540603782832
CD4T	5763	5764	2.15464838700388
CD4T	5764	5765	2.69313283830999
CD4T	5765	5766	2.40715100082606
CD4T	5766	5767	2.12309931294286
CD4T	5768	5769	3.08084860102734
CD4T	5769	5770	1.37795270401144
CD4T	5770	5771	2.81613620029023
CD4T	5772	5773	1.91029251344242
CD4T	5773	5774	4.31847528044767
CD4T	5774	5775	4.11858419295001
CD4T	5775	5776	2.43941520214057
CD4T	5776	5777	2.21879486121646
CD4T	5778	5779	4.24174762400832
CD4T	5779	5780	1.42504884795665
CD4T	5780	5781	4.46283591184295
CD4T	5781	5782	2.7590063600143
CD4T	5782	5783	3.72062248661875
CD4T	5783	5784	3.5081560217313
CD4T	5784	5785	2.42187281397639
CD4T	5785	5786	2.73093319654561
CD4T	5786	5787	1.21798979247563
CD4T	5787	5788	6.16933522885791
CD4T	5788	5789	3.30831036838728
CD4T	5789	5790	1.63155982952137
CD4T	5790	5791	4.20435189662952
CD4T	5791	5792	3.87894086311108
CD4T	5792	5793	5.4874560969784
CD4T	5793	5794	3.97401708342284
CD4T	5794	5795	3.37220064782206
CD4T	5795	5796	1.68567415061974
CD4T	5796	5797	2.18427152672292
CD4T	5797	5798	3.08013066643107
CD4T	5799	5800	2.62200140529596
CD4T	5800	5801	2.72469631411167
CD4T	5801	5802	4.30641774497206
CD4T	5802	5803	3.13543955917356
CD4T	5803	5804	2.23136316258404
CD4T	5804	5805	4.78674383693893
CD4T	5805	5806	1.72652240883088
CD4T	5806	5807	3.4806103002942
CD4T	5807	5808	2.47763521808082
CD4T	5808	5809	4.99033327205028
CD4T	5809	5810	3.24220805634212
CD4T	5810	5811	3.24220805634212
CD4T	5811	5812	5.89331190266063
CD4T	5812	5813	1.77162979968438
CD4T	5813	5814	2.86717059135088
CD4T	5814	5815	3.3599865991216
CD4T	5815	5816	2.91297501230227
CD4T	5816	5817	2.66590162580384
CD4T	5817	5818	2.31574019311609
CD4T	5818	5819	5.14375348381737
CD4T	5819	5820	5.63135365454151
CD4T	5820	5821	1.42015146039036
CD4T	5821	5822	4.70894312289115
CD4T	5822	5823	4.02490982763678
CD4T	5823	5824	3.61540419314867
CD4T	5824	5825	2.03688192726104
CD4T	5825	5826	4.39444915467244
CD4T	5826	5827	2.01066810647351
CD4T	5827	5828	3.37419575076167
CD4T	5828	5829	2.57535063994115
CD4T	5829	5830	2.76791363191079
CD4T	5830	5831	3.16033358971215
CD4T	5831	5832	3.16939997187595
CD4T	5832	5833	3.89879753156946
CD4T	5833	5834	2.40850797578723
CD4T	5834	5835	3.10842682162926
CD4T	5835	5836	1.70538247368665
CD4T	5836	5837	3.04702588126396
CD4T	5837	5838	5.15191076257987
CD4T	5838	5839	5.54255292660371
CD4T	5839	5840	3.85811188480226
CD4T	5840	5841	4.68050007893092
CD4T	5841	5842	4.6155419261244
CD4T	5842	5843	4.05411794957826
CD4T	5843	5844	3.21143535315617
CD4T	5844	5845	3.04595213272712
CD4T	5845	5846	3.91577465985975
CD4T	5846	5847	4.6088400472349
CD4T	5847	5848	3.31590105123187
CD4T	5848	5849	4.06196748854413
CD4T	5849	5850	4.05272494051957
CD4T	5850	5851	4.79837706849071
CD4T	5851	5852	4.91692524433549
CD4T	5852	5853	5.46370622128531
CD4T	5853	5854	4.153503665263
CD4T	5854	5855	2.75564322967494
CD4T	5856	5857	4.5215495663872
CD4T	5857	5858	4.19728723473997
CD4T	5858	5859	1.39646746577879
CD4T	5859	5860	4.33479489780635
CD4T	5860	5861	5.68808349751041
CD4T	5861	5862	5.34392787780009
CD4T	5862	5863	1.19921061401469
CD4T	5863	5864	5.9084348913447
CD4T	5864	5865	6.44398335505477
CD4T	5865	5866	4.15816399921477
CD4T	5866	5867	6.07569054841663
CD4T	5867	5868	3.8187945148469
CD4T	5868	5869	3.74464227041124
CD4T	5869	5870	4.95657728734528
CD4T	5870	5871	4.84944057755957
CD4T	5871	5872	4.52810639208071
CD4T	5872	5873	4.43905631184021
CD4T	5873	5874	4.68078623700889
CD4T	5874	5875	1.6445839881565
CD4T	5875	5876	5.8710423411138
CD4T	5876	5877	5.19484411718456
CD4T	5877	5878	2.21048939204463
CD4T	5878	5879	5.06459752789931
CD4T	5879	5880	2.56976284449308
CD4T	5880	5881	5.26149712592665
CD4T	5881	5882	5.1392769870461
CD4T	5882	5883	2.63981909285522
CD4T	5883	5884	4.55171765470542
CD4T	5884	5885	4.36672774871353
CD4T	5885	5886	1.61522291972944
CD4T	5886	5887	1.58124497234481
CD4T	5887	5888	2.72093116144804
CD4T	5888	5889	2.94197918606241
CD4T	5889	5890	1.34781411449433
CD4T	5890	5891	4.41346165862428
CD4T	5891	5892	4.69924957899462
CD4T	5892	5893	2.65180231358998
CD4T	5893	5894	3.39036464603699
CD4T	5894	5895	3.37514946385744
CD4T	5895	5896	2.14360348589712
CD4T	5896	5897	2.71366819340643
CD4T	5897	5898	1.97750738643159
CD4T	5898	5899	2.79851231239105
CD4T	5899	5900	1.67492500739441
CD4T	5900	5901	1.74473939107493
CD4T	5901	5902	1.7900947443555
CD4T	5902	5903	4.36545515852404
CD4T	5903	5904	1.67018177259671
CD4T	5904	5905	1.11294848226797
CD4T	5905	5906	1.88677556631384
CD4T	5906	5907	4.82518399928947
CD4T	5908	5909	5.15359796910763
CD4T	5909	5910	4.40976338964548
CD4T	5911	5912	2.41035147136594
CD4T	5912	5913	2.61810435685245
CD4T	5913	5914	1.0667262776852
CD4T	5914	5915	1.22745841616627
CD4T	5915	5916	4.19821280664199
CD4T	5916	5917	2.64986487855398
CD4T	5917	5918	3.85314182936949
CD4T	5918	5919	2.61753224610558
CD4T	5920	5921	2.87904745882032
CD4T	5921	5922	1.83675144178043
CD4T	5922	5923	3.54669355695605
CD4T	5923	5924	3.26608205061498
CD4T	5924	5925	3.49650756146648
CD4T	5925	5926	4.60214889066524
CD4T	5926	5927	5.41666275778612
CD4T	5927	5928	4.02978148584137
CD4T	5928	5929	2.4578092185629
CD4T	5929	5930	3.20740004890957
CD4T	5930	5931	3.58132426422223
CD4T	5931	5932	4.42150952725996
CD4T	5932	5933	1.06485489624934
CD4T	5933	5934	3.4089754282772
CD4T	5934	5935	2.34634655143386
CD4T	5935	5936	1.12432486493893
CD4T	5936	5937	4.40816208810171
CD4T	5937	5938	3.63401587823994
CD4T	5938	5939	4.74469820837868
CD4T	5940	5941	3.19554264818633
CD4T	5941	5942	3.59067556840828
CD4T	5942	5943	1.08975799532538
CD4T	5943	5944	1.68749711399025
CD4T	5945	5946	1.52543052124684
CD4T	5946	5947	4.06506545654464
CD4T	5948	5949	3.6582371096481
CD4T	5949	5950	1.17353086516508
CD4T	5950	5951	3.23514631970531
CD4T	5951	5952	2.65057816744821
CD4T	5952	5953	1.02176503906601
CD4T	5953	5954	3.20894544631005
CD4T	5954	5955	3.34940757350033
CD4T	5955	5956	3.82499275143165
CD4T	5956	5957	3.39992997395915
CD4T	5957	5958	1.54326665770156
CD4T	5958	5959	2.2636263298012
CD4T	5959	5960	4.75265076110395
CD4T	5960	5961	3.77932483767246
CD4T	5961	5962	3.91674840607985
CD4T	5962	5963	2.20376978478567
CD4T	5963	5964	3.44523346240262
CD4T	5964	5965	1.21240333804094
CD4T	5965	5966	1.23778867301637
CD4T	5966	5967	2.58455630315725
CD4T	5967	5968	1.04021528450853
CD4T	5968	5969	1.51940736353645
CD4T	5969	5970	4.16001375115423
CD4T	5970	5971	2.08614953584173
CD4T	5971	5972	3.33460384897389
CD4T	5972	5973	2.78296193316271
CD4T	5973	5974	4.19225068076987
CD4T	5974	5975	3.91266795869139
CD4T	5975	5976	4.50581917326544
CD4T	5976	5977	4.52550270576337
CD4T	5977	5978	1.58262644478104
CD4T	5978	5979	3.35960348436332
CD4T	5979	5980	3.31017310160349
CD4T	5980	5981	2.31951164170836
CD4T	5981	5982	7.06130519529675
CD4T	5982	5983	2.639939921706
CD4T	5983	5984	1.59845698678509
CD4T	5984	5985	5.16749051137185
CD4T	5985	5986	3.68512338014262
CD4T	5986	5987	3.66500179039295
CD4T	5987	5988	4.32614637129557
CD4T	5988	5989	2.04065929950831
CD4T	5989	5990	2.63732572745098
CD4T	5990	5991	2.20700256551061
CD4T	5991	5992	1.0974137267987
CD4T	5992	5993	1.50985911457773
CD4T	5993	5994	3.45255693277415
CD4T	5994	5995	2.12520704909252
CD4T	5995	5996	2.67728489189041
CD4T	5996	5997	2.65542363202753
CD4T	5997	5998	3.51114864317117
CD4T	5998	5999	4.0330429744349
CD4T	5999	6000	3.25940865605541
CD4T	6000	6001	3.36827025150085
CD4T	6001	6002	3.22562040059785
CD4T	6002	6003	4.45441210968806
CD4T	6003	6004	2.75942188318796
CD4T	6419	6420	2.33658009824673
CD4T	6423	6424	4.11641918460163
CD4T	6425	6426	1.89361497818834
CD4T	6426	6427	2.53633759562872
CD4T	6427	6428	3.74236034298491
CD4T	6428	6429	2.94197918606241
CD4T	6429	6430	1.57422904156658
CD4T	6430	6431	1.9621122016206
CD4T	6431	6432	3.28294604755639
CD4T	6432	6433	2.06944363184013
CD4T	6697	6698	1.10871338465461
CD4T	6698	6699	5.18120386373776
CD4T	6699	6700	2.07171445311572
CD4T	6700	6701	2.63175249780153
CD4T	6702	6703	3.01611765165473
CD4T	6703	6704	1.99899325293938
CD4T	6704	6705	2.97232254179819
CD4T	6705	6706	1.47537638654094
CD4T	6706	6707	1.85214172938703
CD4T	7322	7323	1.07149945912718
CD4T	7323	7324	1.35952832695924
CD4T	7325	7326	2.23636057210408
CD4T	7326	7327	1.13324121431038
CD4T	7327	7328	2.45624829490049
CD4T	7328	7329	1.38502071419739
CD4T	7329	7330	2.85941035345757
CD4T	7330	7331	2.69673702406138
CD4T	7331	7332	1.53793562934172
CD4T	7333	7334	1.96844459832921
CD4T	7801	7802	1.00631734326912
CD4T	7802	7803	2.46156482676925
CD4T	7805	7806	1.27192777700219
CD4T	7806	7807	1.74169171828714
CD4T	7807	7808	1.35545523471955
CD4T	7809	7810	1.11308569159674
CD4T	7810	7811	1.14683966343383
CD4T	7811	7812	1.16828628921431
CD4T	7812	7813	1.9579490026474
CD4T	7815	7816	2.89363208827562
CD4T	7816	7817	1.1608048239992
CD4T	7817	7818	1.51178494094777
CD4T	7818	7819	1.13950398790392
CD4T	7821	7822	2.31327456881637
CD4T	7823	7824	1.77392879521143
CD4T	7825	7826	1.36487648058369
CD4T	7826	7827	2.53181465953113
CD4T	7827	7828	2.2808752091772
CD4T	7831	7832	1.33220776882673
CD4T	7832	7833	1.66124212482616
CD4T	7833	7834	1.19197450625914
CD4T	7834	7835	1.19694888727462
CD4T	7835	7836	2.04153363933547
CD4T	7838	7839	1.01734745596486
CD4T	7839	7840	1.90472393454897
NK	146	147	3.60465602997167
NK	147	148	1.04330155521897
NK	148	149	1.105594057093
NK	299	300	2.83351457156056
ILC	0	1	1.34823602801338
B	6	7	1.34528897859447
B	12	13	1.77977734016826
B	14	15	1.2749852956569
B	16	17	1.00918897778944
B	17	18	1.31620919023433
B	660	661	1.04425519403636
B	661	662	1.03281875940134
B	662	663	1.06385975667727
B	663	664	1.00642746344316
B	664	665	1.22202764762046
B	665	666	1.21315041904357
B	666	667	1.58247280475508
B	667	668	1.32344496754583
B	668	669	2.10850143483545
B	2086	2087	1.00753010258798
B	2089	2090	1.70667349378775
B	2091	2092	1.14115414976925
B	2093	2094	1.04021528450853
B	2096	2097	1.1261520480436
B	2098	2099	1.11240001722411
B	2099	2100	1.26267206678161
B	2101	2102	1.13696670596929
B	2102	2103	1.05353208130755
B	2103	2104	1.05025875096239
B	2104	2105	1.11680448194177
B	2926	2927	1.3807698976481
B	2934	2935	1.52206179063153
B	2936	2937	1.10762620682353
B	2937	2938	1.08714518001731
B	2939	2940	1.12418458327894
B	2940	2941	1.77609937832505
B	2941	2942	1.93552530938719
B	2943	2944	1.08766664332135
B	4513	4514	1.72785331772388
B	4514	4515	1.14713291979338
B	4515	4516	1.02176503906601
B	5249	5250	1.04330155521897
B	5520	5521	1.1166662607799
B	5686	5687	3.50102516741671
B	5860	5861	1.94035932353043
B	5863	5864	1.18910726146101
B	5868	5869	3.94560856944289
B	5869	5870	1.11487280953989
B	5875	5876	1.31841052988947
B	6359	6360	1.34992671694902
B	6360	6361	1.00521757510376
B	6361	6362	1.04449390053757
Macrophage	96	97	1.08506479750237
Macrophage	252	253	1.09767982556604
Macrophage	300	301	1.05098423967886
Macrophage	354	355	1.1636735705445
Macrophage	419	420	1.54502583219611
Macrophage	420	421	3.44984635274981
DC	207	208	1.60130492350129
DC	209	210	1.06257737147055
DC	211	212	2.37151939926129
DC	212	213	3.42116423186582
DC	255	256	2.65041216627753
DC	281	282	1.29541731128064
Mast	4	5	1.48243963987011
Mast	5	6	2.77719446969669
EC	42	43	1.7189655577102
EC	286	287	1.38839804333823
Fb	93	94	3.36038442902819
Fb	95	96	2.87328996890863
Fb	96	97	4.07742161849715
Fb	97	98	2.57647257761808
Fb	98	99	1.88240084247712
Fb	191	192	3.43295091109838
Fb	199	200	4.14965183530775
Fb	200	201	3.73060573834021
Tumor	1	2	1.20818925470487
Tumor	15	16	1.01791149560635
Tumor	16	17	1.04568921860524
Tumor	18	19	2.28346064977596
Tumor	58	59	1.87555295766109
Tumor	77	78	2.53435808609224
Tumor	89	90	3.74981815168736
Tumor	90	91	1.76893460485044
Tumor	91	92	1.10572927855811
Tumor	92	93	2.34492962240627
Tumor	386	387	1.02527761473842
