CD8T	9	10	2.14760199418497
CD8T	12	13	1.11253707767728
CD8T	15	16	1.05328884930963
CD8T	282	283	3.6278025780313
CD8T	283	284	1.87890179222575
CD8T	284	285	1.07517371569609
CD8T	285	286	1.13053574799745
CD8T	394	395	1.13195789675541
CD8T	402	403	1.14493753578477
CD8T	418	419	1.54081181153626
CD8T	444	445	1.95479104894925
CD8T	445	446	3.12877542576334
CD8T	446	447	1.43850735460176
CD8T	447	448	1.44739710869251
CD8T	448	449	1.58617008078693
CD8T	449	450	1.78018717939735
CD8T	450	451	1.65136170177821
CD8T	740	741	2.13041950445649
CD8T	741	742	1.19969651259972
CD8T	742	743	1.47667842258816
CD8T	743	744	1.65511853346191
CD8T	744	745	1.57757515142955
CD8T	745	746	1.13409854697224
CD8T	746	747	1.85988428510494
CD8T	747	748	1.17872423163783
CD8T	748	749	1.34971511480258
CD8T	749	750	1.31620919023433
CD8T	750	751	1.91353563432951
CD8T	751	752	1.30689704829606
CD8T	752	753	1.3090630131839
CD8T	756	757	1.12152654819099
CD8T	757	758	1.15303313891683
CD8T	758	759	1.18815492808355
CD8T	759	760	1.10505353477097
CD8T	1326	1327	1.89002830653279
CD8T	1327	1328	1.46454477007521
CD8T	1331	1332	1.04234981133058
CD8T	1363	1364	1.56879010773368
CD8T	1364	1365	2.12148181344276
CD8T	1365	1366	1.41753968854947
CD8T	1366	1367	1.03820806090193
CD8T	1367	1368	1.69387047869308
CD8T	1368	1369	2.27245780891882
CD8T	1369	1370	1.53364521795897
CD8T	1464	1465	1.96027522819815
CD8T	1465	1466	1.16412797047496
CD8T	1466	1467	1.96659215144957
CD8T	1467	1468	2.03630243545912
CD8T	1468	1469	1.68165683736912
CD8T	1469	1470	1.72614261478103
CD8T	1470	1471	1.65700477302624
CD8T	1471	1472	1.18767939887082
CD8T	1472	1473	1.18672961228689
CD8T	1473	1474	1.89939013342042
CD8T	1474	1475	1.29715362479495
CD8T	1475	1476	1.14977972112603
CD8T	1476	1477	1.26103848076862
CD8T	1477	1478	1.02542095727375
CD8T	1478	1479	1.17701331454554
CD8T	1479	1480	1.29087653998954
CD8T	1480	1481	1.09981373054271
CD8T	1481	1482	1.63189065747559
CD8T	1482	1483	1.43777228842962
CD8T	1483	1484	1.21348278607822
CD8T	1484	1485	1.22643602389933
CD8T	1487	1488	1.45414922749431
CD8T	1490	1491	1.40930321104762
CD8T	1492	1493	1.0295679914014
CD8T	1493	1494	1.14874880337221
CD8T	1494	1495	1.03328497795961
CD8T	1496	1497	1.15526310668845
CD8T	1498	1499	1.31183155328267
CD8T	1499	1500	1.22034156529284
CD8T	1500	1501	1.11763460137721
CD8T	1501	1502	1.21849288821875
CD8T	1503	1504	1.01836321611125
CD8T	1504	1505	1.2372675182925
CD8T	1505	1506	1.53421562797288
CD8T	1506	1507	1.23406459986923
CD8T	1507	1508	1.22677660886308
CD8T	1508	1509	1.163068316302
CD8T	1509	1510	1.05744053153913
CD8T	1510	1511	1.53051695045905
CD8T	1513	1514	1.3037610757724
CD8T	1518	1519	1.20034506210263
CD8T	1520	1521	1.81828622356148
CD8T	1524	1525	1.18044069562251
CD8T	1526	1527	1.13053574799745
CD8T	1527	1528	1.33570886433178
CD8T	1528	1529	1.2798371326043
CD8T	1529	1530	1.19485722400428
CD8T	1974	1975	1.6445839881565
CD8T	1975	1976	1.08897270524384
CD8T	1976	1977	1.42805440633831
CD8T	1977	1978	1.53165274644865
CD8T	1978	1979	1.88931305995646
CD8T	1979	1980	1.91822875851099
CD8T	1980	1981	2.13830342727393
CD8T	1981	1982	1.34361157123749
CD8T	1982	1983	1.84807577775508
CD8T	1983	1984	1.44914061023381
CD8T	1984	1985	1.29696043990145
CD8T	1985	1986	1.15795172845442
CD8T	1986	1987	1.04449390053757
CD8T	1987	1988	1.59191091736137
CD8T	1989	1990	1.71093242925983
CD8T	1991	1992	1.40627215097039
CD8T	1992	1993	1.26888679830406
CD8T	1993	1994	1.37987882251686
CD8T	1994	1995	1.12138703547853
CD8T	1995	1996	1.44392476887314
CD8T	1996	1997	2.20365030225719
CD8T	1997	1998	1.34110442770281
CD8T	1998	1999	1.23761489992779
CD8T	1999	2000	1.16261483414538
CD8T	2000	2001	1.06572731383972
CD8T	2001	2002	1.08910350069908
CD8T	2002	2003	1.35438802258633
CD8T	2003	2004	1.17950375313718
CD8T	2004	2005	1.27405701930314
CD8T	2005	2006	1.46505633091344
CD8T	2006	2007	1.22338028068343
CD8T	2007	2008	1.28115055366532
CD8T	2010	2011	1.23657341238961
CD8T	2011	2012	1.08623393730541
CD8T	2014	2015	1.21281825580754
CD8T	2015	2016	1.45440072228004
CD8T	2016	2017	2.22250809117966
CD8T	2017	2018	1.35098587078419
CD8T	2018	2019	1.03986045488335
CD8T	2019	2020	1.58988818055765
CD8T	2020	2021	1.0154347821892
CD8T	2021	2022	1.88078382714939
CD8T	2022	2023	1.24302751679112
CD8T	2025	2026	1.0018247702185
CD8T	2026	2027	2.27715511325224
CD8T	2027	2028	1.35995871109555
CD8T	2028	2029	1.19469666475939
CD8T	2029	2030	1.3721381121164
CD8T	2033	2034	1.37060195916394
CD8T	2034	2035	1.32425455517965
CD8T	2036	2037	1.4102388977041
CD8T	2037	2038	1.21000306768098
CD8T	2040	2041	1.28397534248411
CD8T	2041	2042	1.71260611304887
CD8T	2042	2043	2.00675659933433
CD8T	2043	2044	1.11638993151452
CD8T	2044	2045	1.72084710114249
CD8T	2045	2046	1.46250270826738
CD8T	2046	2047	1.24813942289712
CD8T	2047	2048	1.68989523212849
CD8T	2048	2049	1.28359788827238
CD8T	2049	2050	1.12110812483753
CD8T	2050	2051	1.56250123311979
CD8T	2051	2052	1.80706080514626
CD8T	2052	2053	1.19662656084344
CD8T	2053	2054	1.11902116029932
CD8T	2054	2055	1.15125602215353
CD8T	2056	2057	1.04760794078039
CD8T	2057	2058	1.01983431693427
CD8T	2058	2059	1.31981576213676
CD8T	2059	2060	2.06883920025034
CD8T	2060	2061	1.8280804879181
CD8T	2061	2062	1.03305181148226
CD8T	2062	2063	1.09002003488162
CD8T	2064	2065	1.37987882251686
CD8T	2065	2066	1.53450102219499
CD8T	2066	2067	1.82851888617573
CD8T	2068	2069	1.59675945417433
CD8T	2069	2070	1.41659271869206
CD8T	2070	2071	1.23466912725005
CD8T	2071	2072	1.10572927855811
CD8T	2072	2073	1.73301070682149
CD8T	2073	2074	1.0708687410638
CD8T	2074	2075	1.4930514166897
CD8T	2076	2077	1.11971586287299
CD8T	2077	2078	1.0017157375272
CD8T	2078	2079	1.15140388334172
CD8T	2079	2080	1.12643373500047
CD8T	2080	2081	1.0269143046669
CD8T	2081	2082	1.43386668376264
CD8T	2083	2084	1.10871338465461
CD8T	2084	2085	1.84897736262192
CD8T	2086	2087	1.17577247844446
CD8T	2087	2088	1.34865824465361
CD8T	2088	2089	1.33077223392968
CD8T	2089	2090	1.37632774831061
CD8T	2090	2091	1.25329894120932
CD8T	2091	2092	1.61393302355103
CD8T	2092	2093	1.23761489992779
CD8T	2093	2094	1.66547124153566
CD8T	2094	2095	1.1051886108525
CD8T	2095	2096	1.2075311936973
CD8T	2096	2097	1.03738400499787
CD8T	2097	2098	1.18878962790455
CD8T	3250	3251	1.06710141711016
CD8T	3251	3252	1.0428254467888
CD8T	3260	3261	1.05341044999307
CD8T	3261	3262	1.21715233329511
CD8T	3262	3263	1.00444928471789
CD8T	3374	3375	1.08688465392482
CD8T	3375	3376	1.07162570027986
CD8T	3466	3467	1.52867554306082
CD8T	3467	3468	1.41825088212579
CD8T	3470	3471	1.25329894120932
CD8T	3472	3473	1.33881560799499
CD8T	3473	3474	1.34886946675803
CD8T	3474	3475	1.05450623603875
CD8T	3476	3477	1.24434503743456
CD8T	3477	3478	1.14115414976925
CD8T	3478	3479	1.18863088207248
CD8T	3479	3480	1.19053895827777
CD8T	3480	3481	1.63189065747559
CD8T	3481	3482	1.35353564126807
CD8T	4114	4115	1.36189932329737
CD8T	4391	4392	1.28322068555494
CD8T	4407	4408	1.25796580051924
CD8T	4408	4409	2.02708950432037
CD8T	4497	4498	1.03832589949435
CD8T	4500	4501	1.22388838449265
CD8T	4501	4502	1.01700935753672
CD8T	4653	4654	1.78843389250168
CD8T	4654	4655	1.65443392472602
CD8T	4655	4656	1.0558489128125
CD8T	4702	4703	1.34633979900985
CD8T	4703	4704	1.03773699744912
CD8T	4707	4708	1.30886576946695
CD8T	4780	4781	1.1608048239992
CD8T	4785	4786	1.41047304471184
CD8T	4844	4845	1.69169931933607
CD8T	4845	4846	2.31163492851396
CD8T	4921	4922	2.2058037184276
CD8T	5317	5318	1.01397740308764
CD8T	5436	5437	1.40697028361965
CD8T	5437	5438	1.17701331454554
CD8T	5453	5454	1.29696043990145
CD8T	5454	5455	1.71652713160742
CD8T	5455	5456	1.003956054817
CD8T	5457	5458	2.11104849373699
CD8T	5575	5576	2.13277641323019
CD8T	5772	5773	1.22388838449265
CD4T	4	5	2.31245433874836
CD4T	5	6	2.76721450083229
CD4T	6	7	1.42612915124665
CD4T	7	8	1.22219654328239
CD4T	8	9	1.67669013944327
CD4T	9	10	1.27146596314787
CD4T	15	16	1.12041151701069
CD4T	16	17	1.05487205098743
CD4T	17	18	1.09847897310999
CD4T	185	186	1.34823602801338
CD4T	296	297	1.19969651259972
CD4T	297	298	1.04437453242923
CD4T	298	299	1.56879010773368
CD4T	300	301	1.66408175185499
CD4T	301	302	1.55273946509042
CD4T	302	303	1.30142030794683
CD4T	303	304	1.20490694731773
CD4T	304	305	1.85874050999391
CD4T	305	306	1.9855951031528
CD4T	306	307	1.94676778204099
CD4T	308	309	1.32203090531207
CD4T	309	310	1.91279731660451
CD4T	310	311	1.06622654001832
CD4T	311	312	1.34277466391253
CD4T	312	313	1.04187464808614
CD4T	313	314	1.11501054201186
CD4T	314	315	1.45515581792763
CD4T	315	316	1.20359960036564
CD4T	316	317	1.29503218070507
CD4T	318	319	1.44839279434473
CD4T	321	322	1.588336428744
CD4T	322	323	1.29426269940212
CD4T	324	325	1.15930125268211
CD4T	325	326	1.08506479750237
CD4T	326	327	1.42901930578623
CD4T	327	328	1.35013839524114
CD4T	328	329	1.0390335428681
CD4T	329	330	1.1206900455795
CD4T	333	334	1.71596562985852
CD4T	334	335	1.23191099257344
CD4T	335	336	1.28340925549426
CD4T	336	337	1.15600855634195
CD4T	338	339	1.16915251493117
CD4T	339	340	1.26412816217577
CD4T	341	342	1.10478349151056
CD4T	342	343	1.26870302487941
CD4T	343	344	1.18910726146101
CD4T	344	345	1.10195677339096
CD4T	989	990	1.67422022699858
CD4T	990	991	2.23582745870222
CD4T	991	992	1.79092662167429
CD4T	992	993	2.9725357600377
CD4T	993	994	1.24162561788252
CD4T	994	995	1.27572901997831
CD4T	995	996	2.05923185480196
CD4T	996	997	1.66825874174476
CD4T	997	998	1.13495731428951
CD4T	998	999	1.64796436611636
CD4T	999	1000	1.46633706879343
CD4T	1000	1001	1.55568216912928
CD4T	1001	1002	1.3675415044473
CD4T	1002	1003	1.05025875096239
CD4T	1003	1004	1.4088359077262
CD4T	1004	1005	1.16747231980682
CD4T	1005	1006	1.54922570093006
CD4T	1006	1007	1.09608535555065
CD4T	1007	1008	1.58370292872339
CD4T	1009	1010	1.03738400499787
CD4T	1307	1308	1.43435353110473
CD4T	1331	1332	2.1038532290881
CD4T	1346	1347	1.45565972513391
CD4T	1347	1348	1.04461329837336
CD4T	1348	1349	1.2849200801299
CD4T	1351	1352	1.20457981295943
CD4T	1352	1353	1.12671557751677
CD4T	1354	1355	1.13985095163261
CD4T	1356	1357	1.30142030794683
CD4T	1410	1411	1.51178494094777
CD4T	1411	1412	2.30364778277966
CD4T	1412	1413	1.19759412221696
CD4T	1415	1416	1.23952942733293
CD4T	1416	1417	1.3408959827899
CD4T	1417	1418	2.2293869384294
CD4T	1418	1419	1.3025894956157
CD4T	1419	1420	1.0376193042572
CD4T	1469	1470	1.58155171601472
CD4T	1470	1471	1.24654790809193
CD4T	1471	1472	1.11377229747066
CD4T	1472	1473	1.58570678660325
CD4T	1474	1475	1.43071153968444
CD4T	1475	1476	1.83912088163114
CD4T	1476	1477	1.08208948949196
CD4T	1477	1478	1.16747231980682
CD4T	1478	1479	1.04580891437417
CD4T	1480	1481	1.51385479090114
CD4T	1482	1483	1.01779863340292
CD4T	1483	1484	1.57311744808914
CD4T	1486	1487	1.22968017823951
CD4T	1487	1488	1.79051056185953
CD4T	1489	1490	1.94010412181633
CD4T	1490	1491	1.60243485978039
CD4T	1491	1492	1.65786388843562
CD4T	1493	1494	1.17083809445004
CD4T	1494	1495	2.40519990717726
CD4T	1495	1496	1.46839172330709
CD4T	1496	1497	1.76658468850936
CD4T	1497	1498	1.20736680372182
CD4T	1498	1499	1.05633808448769
CD4T	1499	1500	1.23019417587972
CD4T	1500	1501	1.08636401227482
CD4T	1501	1502	1.31861106831174
CD4T	1502	1503	1.92444937273313
CD4T	1504	1505	1.0804799597208
CD4T	1505	1506	1.73147862064088
CD4T	1507	1508	1.07517371569609
CD4T	1510	1511	1.14919037441967
CD4T	1514	1515	1.49559810466197
CD4T	1516	1517	1.7295682220078
CD4T	1519	1520	1.02933664446427
CD4T	1523	1524	1.07797953793068
CD4T	1524	1525	1.32770796428732
CD4T	1525	1526	1.25778558076166
CD4T	1526	1527	1.11185214702561
CD4T	1527	1528	1.39887504997533
CD4T	1529	1530	1.14362476388531
CD4T	1530	1531	1.79943946229309
CD4T	1531	1532	1.20851858622415
CD4T	1534	1535	1.17245210558224
CD4T	1535	1536	1.19469666475939
CD4T	1536	1537	1.4833610790621
CD4T	1537	1538	1.40325616727716
CD4T	1538	1539	1.01915477462922
CD4T	1542	1543	1.34507904013212
CD4T	1543	1544	1.41753968854947
CD4T	1544	1545	1.08170272335557
CD4T	1545	1546	1.40720317318917
CD4T	1546	1547	1.24743151815578
CD4T	1547	1548	1.93959397920102
CD4T	1548	1549	1.35866849729655
CD4T	1555	1556	1.19461640319719
CD4T	1557	1558	1.09701484423895
CD4T	1562	1563	1.44034886322302
CD4T	1565	1566	1.19277370326856
CD4T	1570	1571	1.08844986783152
CD4T	1571	1572	1.13581752018379
CD4T	1572	1573	1.26504015021883
CD4T	1575	1576	1.12264402955817
CD4T	1576	1577	1.61216347426407
CD4T	1579	1580	1.44503875389169
CD4T	1580	1581	1.34235665808847
CD4T	1581	1582	1.19921061401469
CD4T	1582	1583	1.58139832632705
CD4T	1587	1588	1.43192314015944
CD4T	1588	1589	1.03095845018754
CD4T	1590	1591	1.5399476131621
CD4T	1592	1593	1.76397536465063
CD4T	1593	1594	1.07670217903237
CD4T	1596	1597	1.0685630389381
CD4T	1598	1599	1.24584203440854
CD4T	1599	1600	1.29696043990145
CD4T	1611	1612	1.20376284526718
CD4T	1612	1613	1.39406945218458
CD4T	1617	1618	1.08688465392482
CD4T	1620	1621	1.87937184944883
CD4T	1621	1622	1.18020630464806
CD4T	1622	1623	1.11694274081209
CD4T	1624	1625	1.0104092531462
CD4T	1626	1627	1.27666005795582
CD4T	1629	1630	1.11860479462432
CD4T	1630	1631	1.14217002983116
CD4T	1631	1632	1.3715524434253
CD4T	1632	1633	2.07156285814112
CD4T	1633	1634	1.0181373014995
CD4T	1638	1639	1.16961168325868
CD4T	1639	1640	1.39156744301805
CD4T	1641	1642	1.50643453307175
CD4T	1645	1646	1.39043359562807
CD4T	1648	1649	1.0259947630299
CD4T	1651	1652	1.26158247885672
CD4T	1652	1653	1.14377046288321
CD4T	1653	1654	1.15720349761126
CD4T	1655	1656	1.1524400913823
CD4T	1658	1659	1.59498275319031
CD4T	1659	1660	1.77176482870515
CD4T	1660	1661	1.10708349705143
CD4T	1661	1662	1.12544851030617
CD4T	1662	1663	1.09238462841862
CD4T	1663	1664	1.57256235635734
CD4T	1665	1666	1.04473272594853
CD4T	1668	1669	1.18184922168098
CD4T	3203	3204	1.06088649081712
CD4T	3204	3205	1.25240594039346
CD4T	3206	3207	1.00488815201942
CD4T	3207	3208	1.12643373500047
CD4T	3208	3209	1.22558548924624
CD4T	3209	3210	1.91971697230204
CD4T	3210	3211	1.53822267255748
CD4T	3211	3212	1.09198974790762
CD4T	3212	3213	3.03316513222644
CD4T	3213	3214	1.37257774198591
CD4T	3214	3215	1.52683938889137
CD4T	3215	3216	1.66269508910763
CD4T	3216	3217	1.24250138735009
CD4T	3217	3218	2.19014490174816
CD4T	3218	3219	2.5838011126144
CD4T	3219	3220	1.42468916998253
CD4T	3220	3221	1.13783028387985
CD4T	3221	3222	1.04377813738095
CD4T	3222	3223	1.0644814806009
CD4T	3223	3224	1.26103848076862
CD4T	3226	3227	1.2166504768675
CD4T	3227	3228	1.34781411449433
CD4T	3228	3229	1.10681236150169
CD4T	3229	3230	1.07453825681622
CD4T	3230	3231	1.5390845677113
CD4T	3231	3232	1.80225274494389
CD4T	3232	3233	2.2850446887007
CD4T	3233	3234	2.42915505354096
CD4T	3234	3235	2.23582745870222
CD4T	3235	3236	2.02880853123836
CD4T	3236	3237	1.03468638422899
CD4T	3237	3238	1.8146205105463
CD4T	3238	3239	2.09495120900427
CD4T	3239	3240	1.19181481021785
CD4T	3241	3242	1.48112563220897
CD4T	3243	3244	1.14086426538703
CD4T	3244	3245	1.21765465387601
CD4T	3247	3248	2.13391374025732
CD4T	3249	3250	1.04365894738648
CD4T	3251	3252	1.24197575890452
CD4T	3255	3256	1.05854549336426
CD4T	3256	3257	1.08299312352262
CD4T	3257	3258	1.93628650128496
CD4T	3258	3259	1.48068823839793
CD4T	3261	3262	1.34507904013212
CD4T	3263	3264	1.07149945912718
CD4T	3264	3265	1.28416416398736
CD4T	3265	3266	1.6525548027901
CD4T	3266	3267	1.11583772474909
CD4T	3267	3268	1.08688465392482
CD4T	3268	3269	1.0764471048401
CD4T	3269	3270	1.42564878117569
CD4T	3271	3272	1.64256384034015
CD4T	3275	3276	1.10064976557457
CD4T	3276	3277	1.1851503914433
CD4T	3277	3278	1.27303768042121
CD4T	3280	3281	1.22034156529284
CD4T	3282	3283	1.77732325234048
CD4T	3283	3284	1.03844376720166
CD4T	3284	3285	1.26121975459552
CD4T	3285	3286	1.4299857252053
CD4T	3286	3287	1.23666012774018
CD4T	3287	3288	1.06435707230216
CD4T	3289	3290	1.03597464407984
CD4T	3291	3292	1.4769391540352
CD4T	3293	3294	1.13999558883402
CD4T	3295	3296	1.139128374041
CD4T	3296	3297	1.05122631218378
CD4T	3300	3301	1.83174195061659
CD4T	3303	3304	1.01768579834757
CD4T	3304	3305	1.17654765961443
CD4T	3305	3306	1.03095845018754
CD4T	3306	3307	1.00204291268543
CD4T	3308	3309	1.03856166403546
CD4T	3310	3311	1.05171082218474
CD4T	3311	3312	1.19646547030396
CD4T	3312	3313	1.51068375741394
CD4T	3315	3316	1.22694698097595
CD4T	3317	3318	1.4371604023675
CD4T	3318	3319	1.22677660886308
CD4T	3319	3320	2.00530884465215
CD4T	4562	4563	1.15199574922798
CD4T	4651	4652	2.31245433874836
CD4T	4878	4879	1.2014819110892
CD4T	4888	4889	1.19824013454677
CD4T	4889	4890	1.82414682357231
CD4T	4890	4891	1.06410835100195
CD4T	4916	4917	1.82545566694944
CD4T	4920	4921	1.18059701387529
CD4T	4924	4925	1.38546992787102
CD4T	4925	4926	1.13524388955162
CD4T	4927	4928	1.04139995629905
CD4T	4929	4930	1.58170514142211
CD4T	4931	4932	1.28152637812289
CD4T	5051	5052	1.06923266812781
CD4T	5052	5053	1.39979475577479
CD4T	5054	5055	1.62727381289272
CD4T	5056	5057	1.08325160854362
CD4T	5058	5059	1.0018247702185
CD4T	5059	5060	1.01904161310152
CD4T	5060	5061	1.17577247844446
CD4T	5061	5062	2.03456657545104
CD4T	5062	5063	1.28954041023377
CD4T	5065	5066	1.04881104427285
CD4T	5067	5068	1.64593411378993
CD4T	5069	5070	1.21033350690396
CD4T	5292	5293	1.17654765961443
CD4T	5438	5439	1.02131003794068
CD4T	5439	5440	1.31541077985883
CD4T	5558	5559	2.07247287236374
CD4T	5559	5560	1.51344028420563
CD4T	5560	5561	1.41920043157068
CD4T	5561	5562	1.23311597111157
CD4T	5563	5564	1.32304059743168
CD4T	5564	5565	1.01397740308764
CD4T	5565	5566	1.42468916998253
CD4T	5566	5567	2.02800583945336
CD4T	5567	5568	1.62847992455951
CD4T	5568	5569	1.07574633249025
CD4T	5571	5572	1.34549899220371
CD4T	5572	5573	1.39088687813202
CD4T	5573	5574	1.19517848705916
CD4T	5584	5585	1.17299120954246
CD4T	5591	5592	1.13427733839072
CD4T	5732	5733	1.83468451394509
CD4T	5733	5734	2.81709689964773
CD4T	5734	5735	1.7500884590359
CD4T	5735	5736	2.30673559971927
CD4T	5737	5738	2.19367690177495
CD4T	5738	5739	1.78926383528991
CD4T	5739	5740	1.58032559746718
CD4T	5740	5741	1.51565409822438
CD4T	5741	5742	1.85623049348733
CD4T	5742	5743	1.87328444292206
CD4T	5743	5744	1.55215251752511
CD4T	5744	5745	2.0249936887696
CD4T	5745	5746	3.77444505294728
CD4T	5746	5747	2.04231166446074
CD4T	5747	5748	1.15436997293375
CD4T	5748	5749	1.95453089209922
CD4T	5749	5750	1.18878962790455
CD4T	5750	5751	2.16721796495181
CD4T	5751	5752	2.87167962488401
CD4T	5752	5753	1.37191841883634
CD4T	5753	5754	1.21174013029052
CD4T	5755	5756	1.22541554114186
CD4T	5756	5757	1.31841052988947
CD4T	5757	5758	1.30005926867752
CD4T	5758	5759	1.7675908410758
CD4T	5759	5760	1.2819024525508
CD4T	5760	5761	1.17997201729242
CD4T	5762	5763	1.38695472434365
CD4T	5765	5766	1.26004252540555
CD4T	5766	5767	1.04353978703592
CD4T	5768	5769	1.31103918124792
CD4T	5775	5776	1.20172583475079
CD4T	5778	5779	1.29081284349628
CD4T	5779	5780	1.42504884795665
CD4T	5780	5781	1.16261483414538
CD4T	6005	6006	1.22814107476221
CD4T	6009	6010	1.30025350464803
CD4T	6011	6012	1.55303313756667
CD4T	6013	6014	1.01129873681236
CD4T	6016	6017	1.03153901375363
CD4T	6138	6139	1.85418324576903
CD4T	6139	6140	2.06402063486034
CD4T	6140	6141	2.08081358434081
CD4T	6141	6142	1.39841572165224
CD4T	6142	6143	2.76442350715612
CD4T	6143	6144	1.69896325515062
CD4T	6145	6146	1.55127308811255
CD4T	6146	6147	1.17794585618757
CD4T	6147	6148	1.80458204417422
CD4T	6148	6149	1.12509710502018
CD4T	6150	6151	1.36308839194585
CD4T	6154	6155	1.14042974413917
CD4T	6156	6157	1.11556184698188
CD4T	6158	6159	1.1209687268748
CD4T	6159	6160	1.19053895827777
CD4T	6162	6163	1.43924329833117
CD4T	6425	6426	1.89361497818834
CD4T	6433	6434	1.57059807911784
CD4T	6434	6435	1.16170904648566
CD4T	6435	6436	1.19807855850005
CD4T	6436	6437	1.15036973789741
CD4T	6437	6438	1.21215453990879
CD4T	6439	6440	1.00918897778944
CD4T	6443	6444	1.28795386600675
CD4T	6447	6448	1.18044069562251
CD4T	6582	6583	1.41446740078884
CD4T	6583	6584	1.87211955325972
CD4T	6690	6691	1.02576515704298
CD4T	6708	6709	2.4769690140238
CD4T	6709	6710	1.33220776882673
CD4T	6710	6711	1.21198873798719
CD4T	6711	6712	1.37180860258802
CD4T	6712	6713	1.55671526480722
CD4T	6714	6715	1.01007613374647
CD4T	6715	6716	1.21614908388705
CD4T	6717	6718	1.0708687410638
CD4T	6718	6719	1.24584203440854
CD4T	6719	6720	1.1147351145429
CD4T	6725	6726	1.06710141711016
CD4T	6726	6727	1.13138856328319
CD4T	6729	6730	1.42877793858469
CD4T	6731	6732	2.2072425502065
CD4T	6732	6733	1.55273946509042
CD4T	6734	6735	1.98154045364792
CD4T	6735	6736	1.48467976227312
CD4T	6736	6737	1.12784450598098
CD4T	6987	6988	1.47902890928065
CD4T	6988	6989	1.68058951233203
CD4T	6989	6990	2.08040463766988
CD4T	6990	6991	1.89313574700399
CD4T	6991	6992	1.12742086529988
CD4T	6992	6993	1.53592988927468
CD4T	6993	6994	2.41813887907502
CD4T	6994	6995	1.55450349098334
CD4T	6995	6996	1.06485489624934
CD4T	6996	6997	1.22405785766367
CD4T	6998	6999	1.1139097306069
CD4T	6999	7000	1.041281356929
CD4T	7000	7001	1.94754049093008
CD4T	7001	7002	1.11818877029321
CD4T	7002	7003	1.30670054693147
CD4T	7003	7004	1.29696043990145
CD4T	7004	7005	1.18153589245262
CD4T	7006	7007	1.67669013944327
CD4T	7007	7008	1.65683308016806
CD4T	7008	7009	1.10857735901085
CD4T	7016	7017	1.01174411546567
CD4T	7322	7323	1.07149945912718
CD4T	7334	7335	1.29483971295302
CD4T	7335	7336	1.91353563432951
CD4T	7336	7337	1.11198905886591
CD4T	7337	7338	1.3563103964635
CD4T	7338	7339	1.18586046077897
CD4T	7339	7340	1.2372675182925
CD4T	7341	7342	1.04401660634931
CD4T	7465	7466	1.041281356929
CD4T	7466	7467	2.19344094882004
CD4T	7467	7468	1.69914583668976
CD4T	7468	7469	1.21066414818656
CD4T	7469	7470	1.34100019596722
CD4T	7470	7471	1.05243850114773
CD4T	7471	7472	1.6735161717558
CD4T	7472	7473	2.0262314329529
CD4T	7473	7474	1.51731950072689
CD4T	7474	7475	1.80436997681998
CD4T	7476	7477	1.14377046288321
CD4T	7477	7478	1.62826047040432
CD4T	7846	7847	1.25455155777562
CD4T	7849	7850	1.36666997626605
CD4T	7851	7852	1.2262658109939
CD4T	7852	7853	1.27118905687696
CD4T	7855	7856	1.06998709886911
CD4T	7860	7861	1.09343917725102
CD4T	7862	7863	1.04736768095746
CD4T	8097	8098	1.01330629520532
CD4T	8098	8099	1.03305181148226
CD4T	8099	8100	1.5024849469806
CD4T	8101	8102	1.36017402065684
CD4T	8102	8103	1.03410196281105
CD4T	8103	8104	1.72614261478103
CD4T	8104	8105	1.3548146757613
CD4T	8108	8109	1.53764871354908
CD4T	8113	8114	1.09146372764634
CD4T	8114	8115	1.38839804333823
CD4T	8118	8119	1.07836339304084
CD4T	8122	8123	1.06547789229375
CD4T	8123	8124	1.15907608965468
CD4T	8124	8125	1.81763797610274
CD4T	8125	8126	1.03962404815108
CD4T	8126	8127	1.02176503906601
CD4T	8130	8131	1.44022592478974
CD4T	8132	8133	1.60497290740812
CD4T	8133	8134	1.03785471969797
CD4T	8135	8136	1.21966859190947
NK	6	7	1.8964969142605
NK	52	53	1.11487280953989
NK	82	83	1.3548146757613
NK	175	176	2.13140069305802
NK	177	178	1.14948496409249
NK	300	301	1.17453454950401
ILC	2	3	1.22270354457535
ILC	3	4	1.50384410621182
ILC	4	5	1.57584927049092
ILC	28	29	1.47226247772145
ILC	31	32	1.06597686304597
ILC	33	34	1.97799022174256
B	2	3	1.53707526384671
B	8	9	1.35609648983678
B	10	11	1.65511853346191
B	18	19	1.55568216912928
B	19	20	1.65170237368734
B	20	21	1.26467517664106
B	22	23	1.52108256512842
B	23	24	1.29368626964441
B	24	25	1.19614343445756
B	25	26	1.7074123012126
B	26	27	2.04153363933547
B	27	28	1.28947686329879
B	29	30	1.04009697868097
B	30	31	1.14889595195231
B	31	32	1.65752011197219
B	38	39	1.40186922486131
B	39	40	1.00291651177343
B	41	42	1.36092822177579
B	42	43	1.16976482846486
B	45	46	1.12404434023022
B	47	48	1.18075337823659
B	50	51	1.29330230698421
B	51	52	1.11625182337757
B	53	54	1.68094510288776
B	54	55	1.13039375012809
B	55	56	1.36146752594111
B	56	57	1.03084242270839
B	57	58	1.5196862599949
B	58	59	1.00675798063351
B	59	60	1.65011403376278
B	61	62	1.07823540807941
B	62	63	1.13646362103836
B	63	64	1.22788497791659
B	69	70	1.26692964602854
B	70	71	1.79454266055985
B	72	73	1.45239160952753
B	74	75	1.29081284349628
B	76	77	1.83534824106257
B	247	248	1.24920297897551
B	248	249	1.33581215658657
B	249	250	1.49869468972224
B	250	251	2.66922809545352
B	251	252	1.27535703507898
B	252	253	1.35268449084121
B	253	254	1.0419933946686
B	254	255	1.06572731383972
B	255	256	1.525993697848
B	256	257	1.42277444949045
B	257	258	1.69459572077441
B	258	259	2.34506608797021
B	259	260	1.11943786777462
B	260	261	1.53707526384671
B	261	262	1.83071487204225
B	262	263	1.43216574727883
B	263	264	1.70538247368665
B	265	266	1.02393231919862
B	269	270	1.14333348909102
B	272	273	1.424209927866
B	275	276	1.08532436785286
B	277	278	1.26827445418597
B	279	280	1.22609565110309
B	280	281	1.42253553027574
B	283	284	1.56578786619843
B	285	286	1.05756318071938
B	287	288	1.47355806158956
B	288	289	1.10235961639372
B	289	290	1.92494927346326
B	290	291	1.05885287475007
B	292	293	1.29157767271088
B	293	294	1.79677704122003
B	294	295	2.0242329918707
B	295	296	1.38434752411412
B	296	297	1.28820741537116
B	297	298	1.13768625351892
B	299	300	1.01746020963904
B	300	301	1.23259922757642
B	301	302	1.7272826174809
B	302	303	1.08144504750961
B	303	304	1.79092662167429
B	304	305	1.45818540351962
B	305	306	1.02542095727375
B	306	307	1.26412816217577
B	308	309	1.81004665770419
B	309	310	1.6607930254182
B	311	312	1.78141811543332
B	313	314	1.14698627085767
B	315	316	1.49586677349517
B	316	317	1.20638151425892
B	318	319	1.37721353950801
B	319	320	1.07555538605814
B	321	322	1.70538247368665
B	323	324	1.01007613374647
B	324	325	1.32344496754583
B	328	329	1.15125602215353
B	329	330	1.37191841883634
B	330	331	1.0538971591619
B	331	332	1.39088687813202
B	333	334	1.59550481813018
B	643	644	1.88101942059375
B	644	645	1.63854157694835
B	647	648	1.89169991741654
B	648	649	1.45692128261703
B	652	653	1.0199476696072
B	653	654	1.33902331277977
B	657	658	1.08437327481864
B	663	664	1.00642746344316
B	664	665	1.22202764762046
B	665	666	1.21315041904357
B	671	672	1.41659271869206
B	672	673	2.22229843879355
B	673	674	1.71521766563259
B	674	675	1.14845463142234
B	675	676	1.59175510246442
B	676	677	1.519267960805
B	677	678	1.96027522819815
B	678	679	1.43532838312142
B	679	680	1.3573810936217
B	680	681	1.90350832836144
B	681	682	1.91452120083821
B	682	683	1.57029640406483
B	683	684	1.02153748350689
B	684	685	1.98668001441387
B	685	686	1.12516736670663
B	686	687	2.40795571982421
B	687	688	1.66113846020178
B	688	689	1.15960162109072
B	689	690	1.26212700724217
B	690	691	1.10182256429836
B	691	692	1.5325059089889
B	692	693	1.40813562644129
B	693	694	1.37104045557731
B	694	695	1.46097553634206
B	695	696	1.35909825581992
B	696	697	1.26412816217577
B	697	698	1.67669013944327
B	698	699	2.11456426606047
B	699	700	1.18831353218508
B	700	701	1.48534013959206
B	701	702	2.0977679365713
B	702	703	1.51843218067683
B	703	704	1.05903739714841
B	704	705	1.97163083458408
B	705	706	1.84717530836962
B	706	707	1.06063953767434
B	707	708	1.82545566694944
B	708	709	1.292726848036
B	709	710	1.78223992380716
B	710	711	1.32730061291753
B	711	712	1.34340223233526
B	712	713	1.7399468934154
B	713	714	1.50058699183651
B	714	715	2.01459974735579
B	715	716	1.82110205144729
B	717	718	1.22882458640562
B	718	719	1.96421709794672
B	719	720	1.78018717939735
B	720	721	1.73288290471868
B	721	722	1.31322083398467
B	722	723	1.39020708243973
B	723	724	1.24690118287777
B	725	726	1.08506479750237
B	726	727	1.74773507627559
B	727	728	2.44165797025723
B	728	729	1.88503609469662
B	729	730	1.55893456990057
B	730	731	1.36906976229229
B	731	732	1.18263335517591
B	732	733	2.33883450049736
B	733	734	1.37257774198591
B	734	735	2.21411247027371
B	735	736	1.65648982452361
B	736	737	1.16185990228335
B	738	739	1.87049181002277
B	739	740	1.05013794233015
B	740	741	1.5024849469806
B	741	742	2.15768756831102
B	742	743	1.30464133586588
B	743	744	1.40048545489887
B	744	745	1.01185552657483
B	745	746	1.36906976229229
B	747	748	1.40256229874785
B	748	749	1.54211027659561
B	749	750	1.56548839794997
B	750	751	1.27387154757046
B	751	752	1.14086426538703
B	752	753	1.98406079697734
B	758	759	1.31292284871746
B	759	760	1.67193469210938
B	761	762	1.04977569816565
B	764	765	1.649491059859
B	765	766	1.71514291345881
B	766	767	1.79753272254348
B	767	768	1.47446656540814
B	768	769	1.03879754512904
B	769	770	1.42660989829835
B	771	772	2.20652281151541
B	772	773	1.92812311885258
B	773	774	1.35780991657681
B	774	775	1.79113474252566
B	775	776	1.45641635250668
B	776	777	1.75719615890468
B	777	778	1.28152637812289
B	778	779	2.61229154689289
B	779	780	1.16686266923613
B	780	781	1.61522291972944
B	781	782	1.38614437986727
B	782	783	1.25724527093487
B	783	784	1.33056744622173
B	784	785	1.24938043691933
B	785	786	1.2198367572379
B	786	787	1.43240845022191
B	787	788	1.19053895827777
B	788	789	1.88551008878341
B	789	790	1.98234965037421
B	790	791	1.59113220953527
B	791	792	1.08080144592186
B	792	793	1.23415092018925
B	793	794	2.35450259671688
B	794	795	1.85714222849091
B	796	797	1.45088903063211
B	797	798	1.74033425742062
B	798	799	1.46250270826738
B	799	800	1.52080306075522
B	800	801	1.28171438407331
B	801	802	1.23466912725005
B	802	803	1.7491069261629
B	803	804	1.65993020467406
B	804	805	1.28700406348855
B	805	806	2.05467025169192
B	806	807	2.02464041420505
B	807	808	1.39658189511706
B	808	809	1.05658285586933
B	809	810	1.71633991396968
B	810	811	1.49721182805917
B	811	812	1.04009697868097
B	812	813	1.3563103964635
B	813	814	1.1145974570043
B	814	815	1.11556184698188
B	815	816	1.10330084380753
B	817	818	1.14255755837137
B	818	819	1.56563811494172
B	819	820	1.02142374698002
B	821	822	1.27325374956176
B	823	824	1.12869284258597
B	825	826	1.75244973605793
B	828	829	1.08636401227482
B	829	830	1.53707526384671
B	831	832	1.62464979246266
B	832	833	1.03515443894227
B	836	837	1.42733172680785
B	837	838	1.39910484519709
B	839	840	1.31094021141493
B	842	843	1.17623745069865
B	843	844	1.30249197204244
B	844	845	1.18871024907874
B	846	847	1.3418693613477
B	847	848	1.27666005795582
B	849	850	1.2339207628202
B	850	851	1.10021485311365
B	852	853	1.06747684508368
B	853	854	1.45881842801217
B	857	858	1.21232039262598
B	858	859	1.07491943345466
B	860	861	1.25502948821214
B	861	862	1.02233440974552
B	862	863	1.77419975552896
B	864	865	1.05074228870601
B	865	866	1.03986045488335
B	866	867	1.04377813738095
B	868	869	1.22473627724012
B	873	874	1.26221781358989
B	874	875	1.15155178662365
B	876	877	1.00051807078698
B	877	878	1.44047182615621
B	878	879	1.07612844809031
B	879	880	1.53407297818347
B	880	881	1.97884935681483
B	881	882	1.03797247101533
B	882	883	1.05013794233015
B	883	884	1.91922057023259
B	884	885	1.48020745604985
B	1338	1339	1.63520791060614
B	1339	1340	1.85078388857223
B	1340	1341	1.60529084532146
B	1341	1342	1.62170998635977
B	1342	1343	1.31501198866938
B	1343	1344	1.3248624886817
B	1344	1345	1.6935081435172
B	1345	1346	2.32609410674256
B	1346	1347	2.08163212305965
B	1347	1348	1.20229542065056
B	1348	1349	1.61103983508343
B	1349	1350	1.69604849673951
B	1350	1351	1.32162752087085
B	1351	1352	1.73109612299393
B	1352	1353	1.71037543041306
B	1353	1354	1.63587332633801
B	1354	1355	2.17894638832927
B	1355	1356	1.91773334807593
B	1356	1357	1.15051734693389
B	1357	1358	2.01572679738869
B	1358	1359	1.0668512921214
B	1359	1360	1.41470318139231
B	1360	1361	1.85623049348733
B	1361	1362	1.20229542065056
B	1362	1363	2.09245595278771
B	1363	1364	1.5800194241723
B	1364	1365	1.16579748095806
B	1365	1366	1.291386368958
B	1366	1367	1.58401081863252
B	1367	1368	1.27721941973416
B	1368	1369	1.90084099868064
B	1369	1370	1.48798858236429
B	1370	1371	1.32750425289318
B	1371	1372	1.54981001079568
B	1373	1374	1.23778867301637
B	1374	1375	1.28058728507045
B	1375	1376	1.02324683720569
B	1376	1377	2.23956666872002
B	1377	1378	1.14801368623333
B	1378	1379	1.72671238338778
B	1379	1380	1.07517371569609
B	1380	1381	1.24390551466131
B	1381	1382	1.24057652637552
B	1383	1384	1.11377229747066
B	1384	1385	1.04163724330763
B	1385	1386	1.72273374137272
B	1386	1387	1.05462814359469
B	1387	1388	1.09568753252843
B	1388	1389	1.09120092599847
B	1391	1392	1.6996938709958
B	1392	1393	1.7360849798154
B	1394	1395	1.2039261396814
B	1396	1397	1.90035706071708
B	1397	1398	1.14115414976925
B	1398	1399	1.23225500211429
B	1399	1400	1.29464731017615
B	1400	1401	1.17314534053068
B	1401	1402	1.55509256341837
B	1402	1403	1.6100782198035
B	1403	1404	1.25670548462316
B	1404	1405	1.65614674218206
B	1405	1406	1.65034071177037
B	1406	1407	1.22067836431938
B	1407	1408	1.46326769867346
B	1408	1409	1.47981436173691
B	1409	1410	2.08883128202968
B	1410	1411	1.20703817392681
B	1411	1412	1.2504463789033
B	1412	1413	1.99954516216742
B	1414	1415	2.13221928474089
B	1415	1416	1.52994980251057
B	1416	1417	1.79092662167429
B	1417	1418	2.28346064977596
B	1418	1419	1.3090630131839
B	1419	1420	1.81075940747296
B	1422	1423	1.24637135522961
B	1423	1424	1.36222337808102
B	1425	1426	1.64830333416393
B	1426	1427	1.27890084089049
B	1428	1429	1.16503795368532
B	1429	1430	1.4518903455172
B	1430	1431	1.27918156542776
B	1433	1434	1.0627426507291
B	1434	1435	1.07403048127028
B	1435	1436	1.68112296730575
B	1436	1437	1.21715233329511
B	1439	1440	1.2075311936973
B	1440	1441	1.24929170084653
B	1443	1444	1.75126810787332
B	1445	1446	1.31202981685134
B	1446	1447	1.63921029215975
B	1447	1448	1.49131482929693
B	1448	1449	1.59864586990354
B	1449	1450	1.45289327865391
B	1451	1452	1.58843976559433
B	1452	1453	1.40025513414764
B	1453	1454	1.3631966075373
B	1454	1455	1.04712754119977
B	1455	1456	1.71223383442917
B	1457	1458	1.20716138664689
B	1463	1464	1.61280640421046
B	1465	1466	1.0218788581197
B	1466	1467	1.50330009397771
B	1467	1468	1.51982575374441
B	1468	1469	1.99287033541773
B	1472	1473	1.72197847212563
B	1473	1474	1.74617051740075
B	1474	1475	1.13653546018181
B	1475	1476	1.59227462818488
B	1477	1478	1.04104424639853
B	1478	1479	1.14282415307843
B	1479	1480	1.44516265397505
B	1480	1481	1.1774793798721
B	1481	1482	1.31193067653167
B	1482	1483	1.59300264994819
B	1483	1484	1.18530810272241
B	1484	1485	1.02165124753198
B	1485	1486	1.19333385311208
B	1487	1488	1.01938117951922
B	1488	1489	1.16397646005212
B	1490	1491	1.20449806040034
B	1491	1492	1.04104424639853
B	1492	1493	1.2090129603393
B	1494	1495	1.15750266120444
B	1496	1497	1.24031456506569
B	1497	1498	1.28473100650501
B	1498	1499	1.43618264715392
B	1500	1501	1.53037511664691
B	1501	1502	1.44121011871601
B	1502	1503	1.28152637812289
B	1504	1505	1.30886576946695
B	1506	1507	1.23139538262589
B	1509	1510	1.13438464314516
B	1510	1511	1.24232612224101
B	1511	1512	1.45919855183878
B	1512	1513	1.45239160952753
B	1513	1514	1.2283118726312
B	1514	1515	1.27091228700105
B	1515	1516	1.98840096914474
B	1516	1517	1.65511853346191
B	1517	1518	1.48322936235793
B	1518	1519	1.45364654314938
B	1520	1521	1.55068746193847
B	1521	1522	1.16991801825496
B	1522	1523	1.80926344847303
B	1523	1524	1.56399310965288
B	1524	1525	1.97590015670356
B	1525	1526	1.149043142295
B	2072	2073	1.01375359339477
B	2078	2079	1.15780199642954
B	2089	2090	1.70667349378775
B	2090	2091	1.97831228314442
B	2105	2106	1.52430564655175
B	2107	2108	1.48878528643126
B	2108	2109	1.26485763368178
B	2109	2110	1.75264686693302
B	2110	2111	1.43801721308982
B	2111	2112	1.58370292872339
B	2112	2113	2.01178936986899
B	2113	2114	1.84358453709264
B	2114	2115	1.95713651911897
B	2116	2117	1.36579972561463
B	2119	2120	1.52683938889137
B	2121	2122	1.30434776558138
B	2125	2126	1.93147865920373
B	2126	2127	1.21381535711746
B	2127	2128	1.06547789229375
B	2128	2129	1.29696043990145
B	2130	2131	1.26888679830406
B	2132	2133	1.1184660819427
B	2133	2134	1.17468913201792
B	2134	2135	1.05805408816022
B	2135	2136	1.17965979520657
B	2136	2137	1.03235299806691
B	2137	2138	1.09225296675982
B	2138	2139	1.02679926404938
B	2141	2142	1.05365374326552
B	2144	2145	1.11999401022154
B	2146	2147	1.72311168315317
B	2148	2149	1.195499943026
B	2150	2151	1.28985825156393
B	2151	2152	1.03974223688989
B	2152	2153	1.09343917725102
B	2153	2154	1.41070728197409
B	2154	2155	2.07979162045113
B	2369	2370	1.67316441566266
B	2370	2371	1.9284579948231
B	2371	2372	1.40557482119902
B	2372	2373	1.2039261396814
B	2373	2374	1.67952384541575
B	2374	2375	1.31461347305505
B	2375	2376	1.16915251493117
B	2376	2377	1.49721182805917
B	2377	2378	1.94651038916937
B	2378	2379	1.6710576703515
B	2379	2380	1.05952980033143
B	2380	2381	1.62760253772604
B	2381	2382	1.6445839881565
B	2382	2383	1.4730395067529
B	2383	2384	1.10681236150169
B	2384	2385	1.57666088543455
B	2385	2386	1.06822856811517
B	2386	2387	1.39475362606587
B	2389	2390	1.06224698136352
B	2390	2391	1.06348710303998
B	2391	2392	1.30755253907421
B	2392	2393	1.3836750892763
B	2393	2394	1.77854923749125
B	2396	2397	1.29330230698421
B	2398	2399	1.1636735705445
B	2400	2401	1.24040187167179
B	2401	2402	1.10075018365664
B	2402	2403	1.19069827311724
B	2403	2404	1.22865362842541
B	2405	2406	1.00609718119548
B	2407	2408	1.17623745069865
B	2410	2411	1.29589909063599
B	2411	2412	1.57529186601879
B	2414	2415	1.59082098285834
B	2415	2416	1.02587994608175
B	2416	2417	1.02806625310001
B	2419	2420	1.45565972513391
B	2421	2422	1.08325160854362
B	2423	2424	1.45465231890093
B	2425	2426	2.11488466448506
B	2426	2427	1.05134739404161
B	2427	2428	1.47994536588652
B	2428	2429	1.66252195453697
B	2429	2430	1.10640593198719
B	2430	2431	1.16050376355518
B	2432	2433	1.4708404217464
B	2434	2435	1.05050045916668
B	2435	2436	1.49296224491618
B	2436	2437	1.18137929721363
B	2437	2438	1.01960769359263
B	2438	2439	1.05793131466657
B	2439	2440	1.13610457584567
B	2441	2442	1.08975799532538
B	2442	2443	1.33159210610179
B	2443	2444	1.50711797916794
B	2444	2445	1.08144504750961
B	2446	2447	1.05414069778216
B	2448	2449	1.17129873615663
B	2449	2450	1.13295575489313
B	2450	2451	1.0633629485351
B	2451	2452	1.53564386274411
B	2452	2453	1.26595362647508
B	2915	2916	1.73981781960705
B	2921	2922	1.35310991237921
B	2926	2927	1.93959397920102
B	2928	2929	1.27647372728505
B	2936	2937	1.10762620682353
B	2937	2938	1.08714518001731
B	2938	2939	1.14435366998818
B	2939	2940	1.12418458327894
B	2944	2945	3.03551955761163
B	2945	2946	1.4730395067529
B	2947	2948	1.29831410916044
B	2948	2949	1.36928840599816
B	2949	2950	1.39933472786691
B	2951	2952	1.14144419716619
B	2952	2953	1.72595279523905
B	2953	2954	2.83220998900387
B	2954	2955	1.29754019086364
B	2955	2956	1.519546796596
B	2956	2957	1.25401437649249
B	2957	2958	1.3821090037397
B	2959	2960	1.8058557662628
B	2960	2961	1.17934775702055
B	2961	2962	1.31202981685134
B	2962	2963	1.66442885886046
B	2963	2964	1.05353208130755
B	2964	2965	1.33881560799499
B	2965	2966	1.28928626513217
B	2966	2967	1.27146596314787
B	2967	2968	1.424209927866
B	2968	2969	2.32595519261739
B	2970	2971	1.28397534248411
B	2971	2972	1.20327325900185
B	2972	2973	1.08727549443151
B	2973	2974	1.55332694264181
B	2974	2975	1.27128134380677
B	2975	2976	1.82567403826238
B	2976	2977	1.31421523269867
B	2977	2978	1.43679356223596
B	2978	2979	1.23865836231383
B	2979	2980	1.71633991396968
B	2981	2982	1.38266784999516
B	2982	2983	1.58155171601472
B	2983	2984	1.57925461329003
B	2984	2985	1.36233143575843
B	2985	2986	1.5698441515911
B	2986	2987	1.042230976279
B	2987	2988	1.97670334482511
B	2988	2989	1.10383948191318
B	2990	2991	1.58401081863252
B	2995	2996	2.56960372668262
B	2996	2997	2.04465046506781
B	2997	2998	1.47746094177633
B	2998	2999	2.01704379145849
B	2999	3000	1.40025513414764
B	3000	3001	2.1367642563983
B	3001	3002	1.47420685861033
B	3002	3003	1.84045709961207
B	3003	3004	2.52986332691766
B	3004	3005	1.89313574700399
B	3005	3006	1.1522919351259
B	3006	3007	1.76738949617576
B	3007	3008	2.42769353185161
B	3008	3009	1.92896059074154
B	3009	3010	1.66808418900603
B	3010	3011	1.32587712930109
B	3011	3012	1.03246939557533
B	3012	3013	1.66651521998421
B	3015	3016	1.78843389250168
B	3016	3017	1.79238474280561
B	3017	3018	1.00412040650469
B	3018	3019	1.9269522353107
B	3019	3020	1.03667880338413
B	3020	3021	1.37810064674958
B	3021	3022	1.149043142295
B	3022	3023	1.75442353071454
B	3023	3024	2.07780264483663
B	3024	3025	1.13224280090589
B	3026	3027	1.43752746107942
B	3028	3029	1.0678525619653
B	3029	3030	1.07517371569609
B	3030	3031	1.12250421009284
B	3032	3033	1.20490694731773
B	3033	3034	1.36017402065684
B	3035	3036	1.00204291268543
B	3036	3037	2.15408685265901
B	3037	3038	1.02633938144011
B	3039	3040	1.6145776603373
B	3040	3041	1.97225194426703
B	3041	3042	1.13195789675541
B	3042	3043	1.86832709338615
B	3043	3044	1.12883436901669
B	3044	3045	1.03538863907635
B	3045	3046	1.55819396201845
B	3047	3048	1.64021460899844
B	3048	3049	1.20474335530799
B	3049	3050	1.35566890901177
B	3050	3051	1.98460196242277
B	3051	3052	1.08054424019928
B	3052	3053	1.78491737000986
B	3053	3054	1.82895755035911
B	3054	3055	1.61991976611264
B	3055	3056	1.22017324390309
B	3056	3057	1.18436253602304
B	3057	3058	1.00313516924085
B	3058	3059	1.61878302193214
B	3059	3060	1.60116946017492
B	3060	3061	1.26668548169973
B	3061	3062	1.54457005829119
B	3062	3063	1.60656411784832
B	3064	3065	1.0450911872301
B	3065	3066	1.96465635874605
B	3066	3067	1.18799637117936
B	3067	3068	1.50958447027608
B	3068	3069	1.67616012188728
B	3069	3070	1.66651521998421
B	3070	3071	1.501942095567
B	3071	3072	1.5202444172093
B	3073	3074	1.42540873735213
B	3075	3076	1.09146372764634
B	3076	3077	1.0667262776852
B	3077	3078	1.43447530317095
B	3080	3081	1.81569672602774
B	3081	3082	1.03974223688989
B	3082	3083	1.01960769359263
B	3083	3084	1.20556181246512
B	3084	3085	1.14202478160342
B	3085	3086	1.84209360170196
B	3086	3087	1.19165516190869
B	3087	3088	1.21548127961329
B	3089	3090	1.36514787411826
B	3092	3093	1.37987882251686
B	3095	3096	1.55568216912928
B	3097	3098	1.12671557751677
B	3102	3103	1.33694957939418
B	3103	3104	1.08441646667992
B	3104	3105	1.42697070628122
B	3105	3106	1.11240001722411
B	3107	3108	1.31961480542943
B	3108	3109	1.3306698310669
B	3115	3116	1.31640896555967
B	3118	3119	1.20556181246512
B	3119	3120	1.66825874174476
B	3121	3122	1.12390413577544
B	3124	3125	1.19614343445756
B	3125	3126	1.36906976229229
B	3126	3127	1.06647634486271
B	3128	3129	1.0768723020317
B	3129	3130	1.32233362817024
B	3130	3131	1.14333348909102
B	3133	3134	1.01085378292299
B	3135	3136	1.98154045364792
B	3136	3137	1.41967576081583
B	3141	3142	1.61039860420601
B	3142	3143	1.00095322723504
B	3144	3145	1.6253048364243
B	3145	3146	1.4297439776322
B	3146	3147	1.4147817952168
B	3147	3148	1.05523814296701
B	3148	3149	1.01802438496837
B	3150	3151	1.27220504753841
B	3152	3153	1.58216563210548
B	3160	3161	1.16991801825496
B	3162	3163	1.14377046288321
B	3167	3168	1.54428018710154
B	3170	3171	1.2011568516163
B	3171	3172	1.90838276372781
B	3174	3175	1.24443298395504
B	3175	3176	1.38817229594409
B	3176	3177	1.44689986558446
B	3177	3178	1.64503373070053
B	3179	3180	1.09337320247543
B	3180	3181	1.73753070468795
B	3182	3183	1.05646045470597
B	3604	3605	1.90699841603532
B	3605	3606	1.31361838758028
B	3606	3607	1.31103918124792
B	3607	3608	1.08701489985328
B	3608	3609	1.71921613654863
B	3609	3610	1.42757252534318
B	3610	3611	1.82895755035911
B	3611	3612	1.39795674245062
B	3612	3613	1.53507218954632
B	3613	3614	2.5894812744593
B	3614	3615	2.49582395665228
B	3615	3616	2.35571137615205
B	3616	3617	1.29541731128064
B	3617	3618	1.49492693042676
B	3618	3619	1.76691991388914
B	3619	3620	1.19953449753637
B	3620	3621	2.01600881959468
B	3621	3622	1.29387834809169
B	3622	3623	1.5434113505944
B	3623	3624	2.26778748391074
B	3624	3625	2.12520704909252
B	3625	3626	2.30154175854672
B	3626	3627	1.16594951843692
B	3627	3628	1.18200595571518
B	3628	3629	1.65563244328157
B	3629	3630	1.39384156675527
B	3630	3631	1.36211534011573
B	3631	3632	1.84867671024007
B	3632	3633	1.17191355236072
B	3634	3635	1.24040187167179
B	3637	3638	1.47342838267696
B	3639	3640	1.04592864000244
B	3642	3643	1.1237639698973
B	3643	3644	2.00657083614991
B	3645	3646	1.31861106831174
B	3647	3648	1.43998012138993
B	3648	3649	1.50330009397771
B	3649	3650	2.20126438678106
B	3650	3651	1.86194760327174
B	3651	3652	2.06642617356777
B	3652	3653	1.74969568161059
B	3653	3654	1.0968819541488
B	3654	3655	1.60402000419271
B	3655	3656	1.69495862802837
B	3656	3657	1.5325059089889
B	3657	3658	1.10857735901085
B	3659	3660	1.9269522353107
B	3660	3661	1.54370083335211
B	3661	3662	1.03550578237777
B	3662	3663	1.49788542652835
B	3663	3664	3.08468114657055
B	3664	3665	1.0658520724787
B	3665	3666	2.43009932526533
B	3666	3667	2.00009747169129
B	3667	3668	1.21531445688914
B	3668	3669	2.3332100223141
B	3669	3670	1.05098423967886
B	3670	3671	1.14420780650704
B	3671	3672	1.6710576703515
B	3672	3673	1.39956469804079
B	3673	3674	2.18155696671388
B	3674	3675	1.09794606612515
B	3675	3676	1.09887902646644
B	3676	3677	2.07287766577081
B	3677	3678	2.29274454839901
B	3679	3680	2.60423427813354
B	3680	3681	1.65958538245891
B	3681	3682	1.71484398514075
B	3682	3683	1.29157767271088
B	3683	3684	1.46377821376363
B	3684	3685	1.58155171601472
B	3685	3686	2.36842359164067
B	3686	3687	1.39498185674051
B	3687	3688	1.60688281682492
B	3688	3689	1.77122486678635
B	3696	3697	1.17007125265025
B	3698	3699	1.14377046288321
B	3703	3704	1.47798316315601
B	3705	3706	1.11832740717128
B	3706	3707	1.17206736856567
B	3712	3713	1.13603279689603
B	3713	3714	1.45805887582406
B	3714	3715	1.51574650697496
B	3719	3720	1.81763797610274
B	3720	3721	1.92357535253056
B	3721	3722	1.06547789229375
B	3722	3723	1.68701849187099
B	3723	3724	1.22169001328964
B	3726	3727	1.69762579657204
B	3729	3730	1.61742147273653
B	3730	3731	1.33871178326955
B	3732	3733	1.2039261396814
B	3735	3736	1.92046219677068
B	3736	3737	1.15096042598009
B	3738	3739	1.80140759977689
B	3740	3741	1.34110442770281
B	3742	3743	1.05866842253647
B	3743	3744	1.35332273838156
B	3744	3745	1.04640784134974
B	3745	3746	1.28776377828259
B	3748	3749	1.42110397247588
B	3749	3750	1.27703290414657
B	3750	3751	1.21298431196359
B	3751	3752	2.39426682179279
B	3752	3753	1.08003023083742
B	3753	3754	1.71074671329099
B	3754	3755	1.12897593463641
B	3760	3761	1.36146752594111
B	3764	3765	1.22084684200929
B	3765	3766	1.49586677349517
B	3767	3768	1.21000306768098
B	3769	3770	1.07619216291704
B	3773	3774	1.35609648983678
B	3776	3777	1.69296499759514
B	3777	3778	1.56713717165261
B	3778	3779	1.16261483414538
B	3780	3781	1.0055472321487
B	3781	3782	1.09304345963848
B	3782	3783	1.11556184698188
B	3783	3784	1.20572565315335
B	3786	3787	1.08858052555275
B	3789	3790	1.21481429632717
B	3791	3792	1.05219581949979
B	3794	3795	1.83424236669401
B	3795	3796	1.31501198866938
B	3798	3799	1.6435731596723
B	3803	3804	1.13855104095273
B	3806	3807	2.47464142768908
B	3807	3808	1.52383752947259
B	3809	3810	1.02119635637817
B	3810	3811	1.48745800410619
B	3812	3813	1.3461294843628
B	3813	3814	1.63421101763932
B	3815	3816	1.17623745069865
B	3816	3817	1.06822856811517
B	3821	3822	1.56324674574999
B	3822	3823	2.63092419790698
B	3823	3824	1.50657116365468
B	3825	3826	1.57849069006914
B	3826	3827	1.82676688586354
B	3827	3828	1.53822267255748
B	3828	3829	1.442319215766
B	3829	3830	1.1011520574441
B	3830	3831	1.6253048364243
B	3834	3835	1.54689370447368
B	3835	3836	1.0150980608373
B	3836	3837	1.89778139181697
B	3837	3838	1.04844979707599
B	3838	3839	1.28473100650501
B	3839	3840	1.05438435922636
B	3842	3843	1.12940086680664
B	4499	4500	1.04844979707599
B	4505	4506	1.40735848258724
B	4510	4511	1.91341253039917
B	4516	4517	1.85214172938703
B	4517	4518	1.76077704654095
B	4518	4519	1.70482991525529
B	4519	4520	1.16823537917702
B	4520	4521	2.43835436765767
B	4521	4522	1.61071914259015
B	4522	4523	1.11569976707809
B	4523	4524	1.53592988927468
B	4524	4525	1.12643373500047
B	4525	4526	1.28322068555494
B	4527	4528	1.44689986558446
B	4528	4529	1.47252138040221
B	4529	4530	1.82822659114087
B	4530	4531	2.19481044640428
B	4531	4532	1.70409385603583
B	4532	4533	1.05243850114773
B	4533	4534	1.02051484341807
B	4535	4536	1.20441632024726
B	4536	4537	1.59974876066968
B	4537	4538	1.72462550250993
B	4538	4539	1.41070728197409
B	4539	4540	1.70390996346506
B	4541	4542	1.70201259647655
B	4542	4543	1.38322721826282
B	4543	4544	1.60752067267123
B	4544	4545	1.94496788412351
B	4545	4546	1.32882965543042
B	4546	4547	1.51013387714339
B	4547	4548	1.01858923952589
B	4548	4549	1.20012879190453
B	4549	4550	1.32669012108392
B	4550	4551	1.51013387714339
B	4551	4552	1.33467694627456
B	4552	4553	1.90326544635738
B	4553	4554	1.02244836655843
B	4555	4556	1.00193382860133
B	4556	4557	2.23491605870962
B	4558	4559	1.44951485686102
B	4561	4562	1.74812676048036
B	4562	4563	1.58647912431144
B	4563	4564	2.1615879981224
B	4564	4565	1.97509782045003
B	4565	4566	1.0894960939458
B	4567	4568	1.08028716854223
B	4568	4569	1.06485489624934
B	4569	4570	1.28852451140733
B	4571	4572	1.69732218964352
B	4573	4574	1.11062160855166
B	4574	4575	1.0102981868934
B	4575	4576	1.08844986783152
B	4577	4578	1.10816950234821
B	4578	4579	1.30103110898363
B	4579	4580	1.10912168208046
B	4580	4581	1.519267960805
B	4583	4584	1.2237189639569
B	4584	4585	1.61586880276439
B	4586	4587	2.09027912958187
B	4587	4588	2.14338193855642
B	4588	4589	1.545150189796
B	4589	4590	1.57879615295133
B	4590	4591	1.81104470536833
B	4591	4592	1.27035915598893
B	4592	4593	1.58771674681495
B	4593	4594	1.07415737591536
B	4594	4595	1.22135258810478
B	4595	4596	1.26103848076862
B	4596	4597	1.58393383267876
B	4597	4598	1.72481496120673
B	4599	4600	1.05670528799042
B	4600	4601	1.46339528830292
B	4601	4602	1.76980941977942
B	4603	4604	1.03084242270839
B	4604	4605	1.1011520574441
B	4605	4606	1.34110442770281
B	4606	4607	1.03293527114791
B	4607	4608	2.14006616349627
B	4608	4609	1.09489283698372
B	4609	4610	1.765178472664
B	4610	4611	2.22195787015575
B	4611	4612	1.96659215144957
B	4613	4614	1.72538364625109
B	4614	4615	1.11777308685044
B	4615	4616	1.01196696428273
B	4616	4617	1.00280722172823
B	4617	4618	1.00830350856397
B	4618	4619	1.11916002479071
B	4619	4620	1.70189036422705
B	4620	4621	1.0644814806009
B	4621	4622	1.0428254467888
B	4622	4623	2.22508077595701
B	4624	4625	1.23588018145662
B	4625	4626	1.38930188218385
B	4626	4627	2.36352456878539
B	4627	4628	1.88208052594231
B	4628	4629	1.19582159209523
B	4629	4630	2.07764985723611
B	4630	4631	1.83468451394509
B	4631	4632	1.11957684630102
B	4632	4633	1.19485722400428
B	4633	4634	1.64915149713968
B	4634	4635	1.85562330238321
B	4635	4636	2.11745257159444
B	4636	4637	1.09502519833315
B	4637	4638	2.35346790512586
B	4639	4640	1.27880729705664
B	4640	4641	1.1208990422254
B	4642	4643	1.64004711905691
B	4643	4644	1.16397646005212
B	4644	4645	1.28985825156393
B	4645	4646	1.54061966768295
B	4648	4649	1.55612472387222
B	4650	4651	1.0401561279328
B	4651	4652	1.42189886841487
B	4652	4653	1.12565946976322
B	4654	4655	1.1522919351259
B	4655	4656	1.54930914159978
B	4657	4658	1.28406974536566
B	4661	4662	1.04929312953035
B	4662	4663	1.83712115692667
B	4667	4668	1.08338090177065
B	4672	4673	1.14669309750264
B	4674	4675	1.05842259535331
B	4677	4678	1.55362088041835
B	4678	4679	1.02028789176194
B	4680	4681	1.18507155334092
B	4682	4683	1.44702413892577
B	4687	4688	2.31522590978556
B	4695	4696	1.37522235501567
B	4701	4702	1.72047038548075
B	4703	4704	1.25616622098751
B	4704	4705	2.14655280955787
B	4705	4706	1.10830541787377
B	4706	4707	1.1522919351259
B	4707	4708	2.17755756942965
B	4708	4709	2.26191002844401
B	4709	4710	2.22766170952208
B	4711	4712	1.30679878920438
B	4712	4713	1.75179303124656
B	4926	4927	1.78265118401869
B	4927	4928	1.15258828986991
B	4928	4929	1.34908076477946
B	4929	4930	1.0746652828176
B	4930	4931	1.22169001328964
B	4931	4932	1.04820911626004
B	4932	4933	1.01252455216137
B	4933	4934	1.82305792994344
B	4934	4935	2.80403230236869
B	4935	4936	1.24197575890452
B	4936	4937	1.04544991659732
B	4937	4938	1.68737742722951
B	4938	4939	1.75799034376634
B	4939	4940	2.11424399841647
B	4940	4941	1.93742974367618
B	4942	4943	1.58339518249613
B	4943	4944	1.08506479750237
B	4944	4945	1.13927280849917
B	4945	4946	1.16382499341553
B	4946	4947	1.38930188218385
B	4948	4949	1.16503795368532
B	4949	4950	1.29580270219512
B	4950	4951	1.59128787779842
B	4951	4952	1.05609343683579
B	4952	4953	2.39426682179279
B	4953	4954	1.99003495396425
B	4954	4955	1.25115814655361
B	4956	4957	1.76799370265536
B	4957	4958	1.36645229395745
B	4958	4959	1.298120531224
B	4960	4961	1.63387904759325
B	4961	4962	1.57382460799449
B	4962	4963	1.21149163673996
B	4965	4966	1.26851931163146
B	4966	4967	1.22135258810478
B	4967	4968	1.25098011903044
B	4969	4970	1.50425242084253
B	4971	4972	1.17934775702055
B	4972	4973	1.7783447597553
B	4973	4974	1.43338022151079
B	4974	4975	1.52796870963328
B	4975	4976	1.26230863469585
B	4976	4977	1.49465865965667
B	4977	4978	1.52094279771571
B	4978	4979	1.32243457096493
B	4979	4980	1.13524388955162
B	4980	4981	2.13500887353365
B	4982	4983	1.52038403247398
B	4983	4984	1.10195677339096
B	4984	4985	1.83556961857798
B	4985	4986	2.33083120488182
B	4986	4987	2.25929435895987
B	4987	4988	1.15615777431471
B	4988	4989	1.14129915308153
B	4989	4990	1.36819599085483
B	4990	4991	1.91304334097496
B	4991	4992	1.21389853177716
B	4994	4995	1.42015146039036
B	4996	4997	1.30965515079819
B	4998	4999	1.16382499341553
B	5003	5004	1.530138796342
B	5005	5006	1.09595271263235
B	5006	5007	1.29253515758635
B	5007	5008	1.0154347821892
B	5008	5009	1.23191099257344
B	5009	5010	1.60815913988132
B	5010	5011	1.04092573521458
B	5011	5012	1.01689671222387
B	5012	5013	1.01185552657483
B	5013	5014	1.01521027437673
B	5014	5015	1.10357009059598
B	5017	5018	1.22942336024251
B	5018	5019	1.93349924510824
B	5024	5025	1.38862387560562
B	5027	5028	1.17973783348048
B	5028	5029	1.50547893870156
B	5029	5030	1.10816950234821
B	5031	5032	1.12876360090381
B	5248	5249	1.37954501136315
B	5251	5252	2.20868396862704
B	5252	5253	3.29594692543653
B	5253	5254	1.11157843466538
B	5254	5255	1.0668512921214
B	5255	5256	1.90764955184506
B	5256	5257	2.06042627556635
B	5257	5258	1.05438435922636
B	5259	5260	1.72766303247411
B	5260	5261	1.98234965037421
B	5261	5262	1.75958139874727
B	5262	5263	1.34228701944115
B	5263	5264	1.96167442054338
B	5264	5265	2.40550565960579
B	5265	5266	1.17252908669348
B	5266	5267	1.25419337926708
B	5267	5268	1.10782987394719
B	5269	5270	1.34697119536508
B	5271	5272	1.65113468221032
B	5272	5273	1.139128374041
B	5273	5274	1.24106585408011
B	5276	5277	1.25401437649249
B	5278	5279	1.20135999074958
B	5279	5280	1.80543094097511
B	5282	5283	1.27238997055807
B	5284	5285	1.65573527191889
B	5288	5289	1.12643373500047
B	5294	5295	1.0162214083275
B	5295	5296	1.48103812912771
B	5300	5301	1.12869284258597
B	5301	5302	1.38333915462989
B	5302	5303	1.78141811543332
B	5305	5306	1.17191355236072
B	5306	5307	1.00778776174143
B	5396	5397	1.87095651088925
B	5397	5398	1.0055472321487
B	5398	5399	1.2228726498647
B	5399	5400	1.35396167787963
B	5400	5401	1.51565409822438
B	5401	5402	1.80564332218446
B	5402	5403	1.13281308475389
B	5403	5404	1.77691506007952
B	5404	5405	1.40801899139853
B	5406	5407	1.65683308016806
B	5412	5413	1.04836955675297
B	5420	5421	1.7090157575218
B	5421	5422	1.16299270866874
B	5426	5427	1.0150980608373
B	5429	5430	1.05086324900709
B	5430	5431	1.06873036024489
B	5434	5435	1.03879754512904
B	5435	5436	1.01096498160935
B	5436	5437	1.64537123395221
B	5437	5438	1.17903590255675
B	5438	5439	1.26622796015528
B	5521	5522	1.58926704261798
B	5523	5524	1.97429633445217
B	5527	5528	1.34739250373263
B	5529	5530	1.02393231919862
B	5531	5532	1.54428018710154
B	5532	5533	1.3668877384202
B	5535	5536	1.35077388745038
B	5537	5538	1.3402710931407
B	5578	5579	1.30415213556407
B	5579	5580	1.29560997417724
B	5586	5587	1.03375165446607
B	5589	5590	1.08532436785286
B	5590	5591	1.2146476785902
B	5591	5592	1.07320646507786
B	5598	5599	1.46518428661842
B	5599	5600	2.21121270050774
B	5904	5905	1.63429403572535
B	5907	5908	2.15363791162367
B	5908	5909	1.06610168555477
B	5909	5910	1.16503795368532
B	5911	5912	1.67246144572645
B	5914	5915	2.12556791181932
B	5916	5917	1.72792944634553
B	6338	6339	1.46633706879343
B	6339	6340	1.21364904608438
B	6356	6357	1.04521073388255
B	6358	6359	1.38227660285374
B	6362	6363	2.01709086891658
B	6363	6364	1.8883604758502
B	6364	6365	1.76799370265536
B	6365	6366	1.45383500211159
B	6366	6367	2.4704017878189
B	6367	6368	1.5638651010254
B	6369	6370	1.52038403247398
B	6370	6371	1.77868558865789
B	6371	6372	1.83978868313995
B	6372	6373	2.54041807437039
B	6386	6387	2.14586682358829
B	6387	6388	1.81584034304179
B	6388	6389	2.92207721781789
B	6389	6390	2.20135968705163
B	6390	6391	1.94178275590544
B	6391	6392	2.56615019819425
B	6392	6393	2.48752319056332
B	6393	6394	2.28214296507324
B	6394	6395	2.69508019398182
B	6395	6396	2.35136801909995
B	6396	6397	2.70522084166526
B	6398	6399	2.28109034946334
B	6399	6400	2.61702775692685
B	6401	6402	1.62738336996127
B	6402	6403	2.54722633384546
B	6403	6404	2.52863429936557
B	6404	6405	1.01129873681236
B	6405	6406	2.67586693796836
B	6406	6407	2.2640876284844
B	6407	6408	2.56753787698029
B	6408	6409	2.00397489044703
B	6409	6410	2.03283462619696
B	6410	6411	2.797065385568
B	6411	6412	2.17090755665719
B	6412	6413	2.33866086578084
B	6414	6415	2.48222963957482
B	6415	6416	1.76253433082281
B	6417	6418	1.70280763306855
B	6418	6419	1.69932846649554
B	6419	6420	1.61490021214288
B	6420	6421	1.27331549884716
B	6421	6422	1.23541851269685
B	6422	6423	1.97813334322696
B	6423	6424	1.76477720932112
B	6425	6426	1.30715915480206
B	6426	6427	2.63772739823544
B	6428	6429	1.552299204775
B	6429	6430	2.26031910660042
B	6430	6431	1.50139970730162
B	6433	6434	1.42468916998253
B	6434	6435	1.35433471263629
B	6435	6436	1.92394980709506
B	6436	6437	1.55371888918414
B	6437	6438	1.78100756679089
B	6438	6439	1.88687452335598
B	6439	6440	1.49091475436556
B	6440	6441	1.78657004398583
B	6441	6442	1.68713811617617
B	6442	6443	1.26258118660293
B	6443	6444	1.29754019086364
B	6444	6445	1.38817229594409
B	6445	6446	1.52867554306082
B	6446	6447	1.83734307652052
B	6447	6448	1.38255603900928
B	6448	6449	1.60465512133204
B	6449	6450	1.92328424014224
B	6450	6451	2.32873794444989
B	6451	6452	1.77244035960556
B	6452	6453	1.45995949615663
B	6453	6454	2.07563587048402
B	6454	6455	1.98207982211017
B	6455	6456	1.86701591506303
B	6456	6457	2.20239681046976
B	6457	6458	2.466298404595
B	6459	6460	1.00808240420518
B	6460	6461	2.00065018203098
B	6461	6462	2.20269508302588
B	6462	6463	1.55401300405557
B	6463	6464	1.89729945111601
B	6464	6465	2.13665443043993
B	6465	6466	1.60180185878519
B	6466	6467	1.38681959092
B	6467	6468	2.86518935090617
B	6468	6469	2.08553197980798
B	6469	6470	2.29125200778524
B	6470	6471	2.08841810464014
B	6471	6472	1.06392189336022
B	6472	6473	1.89537482490236
B	6473	6474	2.5331773249266
B	6474	6475	1.87913678326134
B	6476	6477	2.58230984500414
B	6478	6479	1.82534650604032
B	6479	6480	1.20408948363299
B	6480	6481	1.25997791438258
B	6481	6482	1.93501827827463
B	6483	6484	1.32648676636483
B	6484	6485	1.95926492960444
B	6485	6486	2.18116483440136
B	6486	6487	1.13649953935519
B	6487	6488	1.54616667044591
B	6488	6489	2.05358340983669
B	6489	6490	2.14379343307262
B	6490	6491	1.95038058291025
B	6491	6492	1.74480437907979
B	6492	6493	2.71960613578636
B	6494	6495	1.16731984081684
B	6496	6497	1.08396314014787
B	6499	6500	1.66628308665033
B	6500	6501	2.29890339106376
B	6501	6502	1.86512271051297
B	6502	6503	2.35898551191199
B	6503	6504	2.38942608109502
B	6504	6505	1.19138918740116
B	6506	6507	1.65079429530573
B	6508	6509	1.31173244709946
B	6509	6510	2.30565082831577
B	6510	6511	1.54023555105427
B	6511	6512	1.05359290845531
B	6512	6513	1.41376060629237
B	6514	6515	1.9285836120703
B	6515	6516	1.15960162109072
B	6516	6517	1.58555242744474
B	6517	6518	2.12390931231874
B	6518	6519	1.44689986558446
B	6519	6520	1.0627426507291
B	6522	6523	1.67563051423948
B	6523	6524	1.3037610757724
B	6524	6525	1.72065871783971
B	6525	6526	1.08028716854223
B	6528	6529	1.39887504997533
B	6529	6530	1.50739156298355
B	6530	6531	1.19213425005598
B	6531	6532	1.71615274672792
B	6532	6533	1.40697028361965
B	6533	6534	1.17755709736773
B	6535	6536	1.50766526428627
B	6536	6537	1.40720317318917
B	6537	6538	1.07517371569609
B	6538	6539	1.19711012321423
B	6539	6540	1.19711012321423
B	6540	6541	1.35460131059193
B	6541	6542	1.20023691611877
B	6542	6543	1.58617008078693
B	6544	6545	1.87608774620599
B	6545	6546	1.08215397998043
B	6546	6547	1.30630774593166
B	6547	6548	1.07099481969502
B	6549	6550	1.15169973201894
B	6550	6551	1.76017896969896
B	6555	6556	1.56121102289977
B	6557	6558	1.34141723431449
B	6558	6559	1.24258904077761
B	6560	6561	1.03181018675945
B	6561	6562	1.28199651024798
B	6565	6566	1.26650242824608
B	6566	6567	1.38464662638184
B	6567	6568	1.86187108011714
B	6568	6569	1.57190694358805
B	6569	6570	1.20507058901348
B	6572	6573	1.10708349705143
B	6577	6578	1.17132433917873
B	6580	6581	1.0708687410638
B	6581	6582	1.01166057458309
B	6586	6587	1.43350180099968
B	6589	6590	2.32069378202026
B	6593	6594	1.01185552657483
B	6605	6606	1.47628752823254
B	6606	6607	1.43850735460176
B	6607	6608	1.00073559782197
B	6608	6609	1.46390590780479
B	6609	6610	1.31202981685134
B	6613	6614	1.5100422764757
B	6614	6615	1.79314970996358
B	6616	6617	1.93908418398491
B	6617	6618	1.11652807730973
B	6618	6619	2.06002793044603
B	6619	6620	2.06552322130419
B	6620	6621	1.77211602449557
B	6621	6622	2.04523627588772
Neutrophil	148	149	2.57647257761808
Macrophage	6	7	1.08658087981474
Macrophage	484	485	1.24637135522961
Mast	10	11	1.3248624886817
EC	30	31	1.22677660886308
Fb	267	268	1.52038403247398
Tumor	252	253	1.04580891437417
