CD8T	209	210	1.24920297897551
CD8T	210	211	0.831831034828224
CD8T	211	212	0.831684507449537
CD8T	212	213	1.05134739404161
CD8T	213	214	0.983650483057651
CD8T	214	215	1.03550578237777
CD8T	215	216	1.05304573978593
CD8T	216	217	1.0363265935987
CD8T	217	218	1.0746652828176
CD8T	218	219	0.900275316552179
CD8T	219	220	0.939556552885956
CD8T	220	221	1.33591546712642
CD8T	221	222	1.52881700295203
CD8T	222	223	1.22950895285642
CD8T	223	224	1.20703817392681
CD8T	224	225	1.31660881005734
CD8T	225	226	1.38121593347645
CD8T	226	227	1.39979475577479
CD8T	227	228	1.041518585088
CD8T	228	229	1.32384962001882
CD8T	229	230	1.75481895374561
CD8T	230	231	1.4513894860695
CD8T	231	232	1.08131626001739
CD8T	232	233	0.421915244805308
CD8T	233	234	0.660975375791515
CD8T	234	235	1.78719078578184
CD8T	235	236	0.99511294292972
CD8T	236	237	1.17345373769439
CD8T	237	238	1.14260601989912
CD8T	3416	3417	1.58431885233877
CD8T	3417	3418	1.14014026663984
CD8T	3418	3419	2.16790310503083
CD8T	3419	3420	1.22388838449265
CD8T	3420	3421	1.28776377828259
CD8T	3421	3422	1.60815913988132
CD8T	3422	3423	2.06823523928699
CD8T	3842	3843	1.15036973789741
CD8T	3843	3844	1.3787668428104
CD8T	3844	3845	1.40071586343495
CD8T	3845	3846	1.21950047854848
CD8T	3846	3847	0.658223823863705
CD8T	3847	3848	0.962257669675723
CD8T	3848	3849	1.38591947826639
CD8T	3849	3850	0.814558363424167
CD8T	3850	3851	1.57940750439693
CD8T	3851	3852	1.59833109456711
CD8T	3852	3853	1.00631734326912
CD8T	3853	3854	1.22067836431938
CD8T	3854	3855	1.07836339304084
CD8T	3855	3856	1.40371918852262
CD8T	3856	3857	1.56608747156049
CD8T	3857	3858	1.47174499297448
CD8T	3858	3859	0.732270291913953
CD8T	3859	3860	1.43875257158447
CD8T	3860	3861	1.48825403874962
CD8T	3861	3862	1.75205563971062
CD8T	3862	3863	1.21498096527204
CD8T	3863	3864	0.945676776731612
CD8T	3864	3865	1.17145237295819
CD8T	3865	3866	1.36797774859458
CD8T	3866	3867	1.02142374698002
CD8T	3867	3868	1.60592717715981
CD8T	3868	3869	0.510852291854957
CD8T	3869	3870	0.753884319957371
CD8T	3870	3871	0.564196806362057
CD8T	3871	3872	1.45767944698385
CD8T	3872	3873	0.877339645289712
CD8T	3873	3874	0.854369373329654
CD8T	3874	3875	1.72386818199627
CD8T	3875	3876	2.04680061763826
CD8T	3876	3877	1.08779709488248
CD8T	3877	3878	1.24408128181949
CD8T	3878	3879	1.261401087281
CD8T	3879	3880	1.2249060139924
CD8T	3880	3881	1.30025350464803
CD8T	3881	3882	1.43168062879987
CD8T	3882	3883	1.46633706879343
CD8T	3883	3884	0.820563321457368
CD8T	3884	3885	1.00390128386385
CD8T	3885	3886	1.93603268455258
CD8T	3886	3887	1.18059701387529
CD8T	3887	3888	1.1608048239992
CD8T	3888	3889	0.941650772659729
CD8T	3889	3890	1.28133843466505
CD8T	3890	3891	1.02864328106111
CD8T	3891	3892	0.915541387515374
CD8T	3892	3893	0.968904279262285
CD8T	3893	3894	0.760437380570313
CD8T	3894	3895	0.895963757216004
CD8T	3895	3896	1.41564721758502
CD8T	3896	3897	1.13352683269962
CD8T	3897	3898	1.19614343445756
CD8T	3898	3899	0.604926174778815
CD8T	3899	3900	1.49038171451844
CD8T	3900	3901	1.55952766214901
CD8T	3901	3902	1.19694888727462
CD8T	8748	8749	0.951590351901605
CD8T	8749	8750	1.38998065455509
CD8T	8750	8751	1.26103848076862
CD8T	8751	8752	1.68558462127767
CD8T	8752	8753	1.19775555235922
CD8T	8753	8754	1.07441126367457
CD8T	8754	8755	0.879478168392396
CD8T	8755	8756	1.26158247885672
CD8T	8756	8757	1.70482991525529
CD8T	8757	8758	1.39772738363091
CD8T	8758	8759	1.28058728507045
CD8T	8759	8760	1.08183161173779
CD8T	8760	8761	1.33694957939418
CD8T	8761	8762	2.0456270638864
CD8T	8762	8763	1.66616704959864
CD8T	10229	10230	1.51593136452463
CD8T	10230	10231	0.923979119172879
CD8T	10231	10232	1.04258756998562
CD8T	10232	10233	1.37367823831072
CD8T	10233	10234	1.70519823854357
CD8T	10234	10235	0.966475920682752
CD8T	10235	10236	0.780321093104586
CD8T	10236	10237	1.49091475436556
CD8T	10237	10238	1.65855196324604
CD8T	10238	10239	0.985646318895353
CD8T	10239	10240	1.43606053683494
CD8T	10240	10241	1.09015110651298
CD8T	10241	10242	1.63554053633674
CD8T	10242	10243	1.74969568161059
CD8T	10243	10244	1.59990646616855
CD8T	10244	10245	1.76357478287235
CD8T	11629	11630	1.99349606324269
CD8T	11630	11631	3.4098649037859
CD8T	11650	11651	1.33529587805523
CD8T	11651	11652	1.32364725846692
CD8T	11652	11653	1.39179446916494
CD8T	12113	12114	2.13198999333105
CD8T	12114	12115	0.845701053660684
CD8T	12115	12116	1.04294442952557
CD8T	12116	12117	2.77719446969669
CD8T	12117	12118	1.68917491877546
CD8T	12118	12119	1.28227877722513
CD8T	14403	14404	0.783214259697325
CD8T	14404	14405	2.059828834746
CD8T	14405	14406	1.82023447116132
CD8T	14406	14407	1.90423745265475
CD8T	14686	14687	2.25699340106876
CD8T	14687	14688	1.39384156675527
CD8T	14688	14689	1.63255280174334
CD8T	14689	14690	0.932678526775046
CD8T	14690	14691	0.785220478845014
CD8T	14691	14692	1.59833109456711
CD8T	14692	14693	1.51759748953085
CD8T	14693	14694	1.72386818199627
CD8T	14694	14695	1.55362088041835
CD8T	14695	14696	2.0371718369562
CD8T	14696	14697	1.17623745069865
CD8T	14697	14698	1.61651531048164
CD8T	14698	14699	1.54052361714646
CD8T	14699	14700	1.80436997681998
CD8T	14700	14701	1.77325184657207
CD8T	14701	14702	1.26870302487941
CD8T	16687	16688	1.39749811192432
CD8T	16688	16689	2.15094959722266
CD8T	17390	17391	1.18137929721363
CD8T	17391	17392	1.41541107135065
CD8T	17392	17393	2.08316920743694
CD8T	17393	17394	0.568147222984891
CD8T	17394	17395	1.0603927100498
CD8T	17395	17396	0.388178758354035
CD8T	17396	17397	2.02846441767253
CD8T	17397	17398	0.884288925185655
CD8T	17398	17399	0.843129213895693
CD8T	17399	17400	0.435941436550802
CD8T	17400	17401	1.31143523089555
CD8T	17401	17402	0.626475328380165
CD8T	17402	17403	0.855845414593421
CD8T	17403	17404	1.30337028271878
CD8T	17404	17405	0.869296986147025
CD8T	17405	17406	0.507803992968244
CD8T	17406	17407	1.24734309365658
CD8T	17407	17408	0.663796572208898
CD8T	17408	17409	0.649715950313304
CD8T	17409	17410	0.994575900698313
CD8T	17410	17411	0.609488136579069
CD8T	17411	17412	1.70981887839862
CD8T	17412	17413	1.12685655715348
CD8T	17413	17414	1.08273477365012
CD8T	17414	17415	1.67739746810471
CD8T	17415	17416	0.946062133944738
CD8T	17416	17417	0.725496851936225
CD8T	17417	17418	1.84717530836962
CD8T	17418	17419	1.08636401227482
CD8T	17419	17420	0.835733999594531
CD8T	17420	17421	1.08519456566161
CD8T	17421	17422	1.1154239644438
CD8T	17422	17423	0.741586565813352
CD8T	17423	17424	0.986911358965316
CD8T	17424	17425	0.488166813214822
CD8T	17425	17426	1.04983605327158
CD8T	17426	17427	0.844035029075554
CD8T	17427	17428	1.07530090620297
CD8T	17428	17429	1.3721381121164
CD8T	17429	17430	0.962057788580324
CD8T	17430	17431	0.931838014295393
CD8T	17431	17432	2.00120329370749
CD8T	17432	17433	1.24337854847244
CD8T	17433	17434	1.11171527229756
CD8T	17434	17435	1.38817229594409
CD8T	17435	17436	1.21248629616441
CD8T	17436	17437	1.7011574241077
CD8T	19534	19535	0.615838785947301
CD8T	19535	19536	1.6802341060118
CD8T	19536	19537	1.03620924818924
CD8T	19537	19538	1.74460943309666
CD8T	19538	19539	0.720258136723555
CD8T	19539	19540	0.865692767216787
CD8T	19540	19541	1.4299857252053
CD8T	19541	19542	1.44752148189061
CD8T	19542	19543	0.906386431239243
CD8T	19543	19544	0.89897720876155
CD8T	19544	19545	0.853517287287936
CD8T	19545	19546	1.63155982952137
CD8T	19546	19547	1.77001145356941
CD8T	19547	19548	1.62399538746766
CD8T	19548	19549	1.04057037784677
CD8T	19549	19550	1.70042526017336
CD8T	19550	19551	1.39281714793794
CD8T	19551	19552	1.657176509267
CD8T	19552	19553	2.06763174829063
CD8T	19553	19554	2.26515283484988
CD8T	19554	19555	1.41352519036667
CD8T	19555	19556	0.975753573214242
CD8T	19556	19557	0.760498053000694
CD8T	19557	19558	2.29271120297129
CD8T	19558	19559	0.826734827227742
CD8T	19559	19560	1.31901235403657
CD8T	19560	19561	0.511974926292671
CD8T	19561	19562	1.424209927866
CD8T	19562	19563	1.06051610817874
CD8T	19563	19564	1.46377821376363
CD8T	19564	19565	1.73666291178867
CD8T	19565	19566	0.873989731395363
CD8T	19566	19567	1.02324683720569
CD8T	19567	19568	0.884038719607108
CD8T	19568	19569	0.968701414173608
CD8T	19569	19570	1.2372675182925
CD8T	19570	19571	1.20245827033806
CD8T	19571	19572	1.44121011871601
CD8T	19572	19573	1.72009387349833
CD8T	19573	19574	0.975238829109858
CD8T	19574	19575	1.00477839626975
CD8T	19575	19576	1.30122567536776
CD8T	19576	19577	2.51059203726549
CD8T	19577	19578	1.65752011197219
CD8T	19578	19579	1.424209927866
CD8T	21225	21226	1.37147927533475
CD8T	21226	21227	2.05269531133651
CD8T	21227	21228	1.53136860970446
CD8T	21228	21229	1.99678960862072
CD8T	21229	21230	1.98154045364792
CD8T	21286	21287	0.291422067271295
CD8T	21287	21288	0.923475485790845
CD8T	21288	21289	0.313864579111153
CD8T	21289	21290	0.571885880527237
CD8T	21290	21291	0.381080145254041
CD8T	21291	21292	0.658134010755158
CD8T	21292	21293	0.313309365986647
CD8T	21293	21294	0.758923859094568
CD8T	21294	21295	0.600471171272449
CD8T	21295	21296	0.305372251346427
CD8T	21296	21297	0.373334815112589
CD8T	21297	21298	0.341601405152609
CD8T	21298	21299	0.704590407782288
CD8T	21299	21300	0.511039048161209
CD8T	21300	21301	0.791898535073385
CD8T	21301	21302	0.623730558627824
CD8T	21302	21303	0.544226543854096
CD8T	21303	21304	1.33943894383839
CD8T	21304	21305	1.8411261320469
CD8T	21305	21306	1.87235238324284
CD8T	22366	22367	0.575777644453388
CD8T	22367	22368	1.11652807730973
CD8T	22368	22369	1.97402936112055
CD8T	22369	22370	0.808300347716507
CD8T	22370	22371	1.01870229206066
CD4T	208	209	2.1336948960358
CD4T	263	264	1.04437453242923
CD4T	264	265	1.2744281462062
CD4T	704	705	0.748444587216111
CD4T	705	706	1.2144811120352
CD4T	706	707	0.736557005031827
CD4T	707	708	1.09968009442894
CD4T	708	709	0.853362556070026
CD4T	709	710	0.94799398897928
CD4T	710	711	1.51206053379658
CD4T	711	712	1.10410901788533
CD4T	712	713	1.50534254219343
CD4T	713	714	1.31005024831488
CD4T	714	715	0.624132643182687
CD4T	715	716	1.01308280654394
CD4T	716	717	1.15900105687564
CD4T	717	718	0.832124253372313
CD4T	718	719	0.563706965238954
CD4T	719	720	1.57342042335908
CD4T	720	721	1.2262658109939
CD4T	721	722	1.06560258711581
CD4T	722	723	1.51565409822438
CD4T	3333	3334	1.30709361695488
CD4T	3334	3335	2.57255219413927
CD4T	3335	3336	1.20245827033806
CD4T	3336	3337	2.39426682179279
CD4T	3337	3338	1.0968819541488
CD4T	3338	3339	1.10844137008928
CD4T	3339	3340	1.58093837143959
CD4T	3340	3341	2.00936204281354
CD4T	3341	3342	2.03110657190696
CD4T	3342	3343	1.60053766296384
CD4T	3343	3344	1.13653546018181
CD4T	3344	3345	1.77021354495319
CD4T	3345	3346	1.33923109137963
CD4T	3346	3347	0.852435416017922
CD4T	3347	3348	0.932678526775046
CD4T	3348	3349	0.989027570986987
CD4T	3349	3350	1.33056744622173
CD4T	3350	3351	0.916891152186399
CD4T	3351	3352	1.26031397341459
CD4T	3352	3353	0.941459975265805
CD4T	3353	3354	1.12982615231571
CD4T	3354	3355	1.34570908100481
CD4T	3355	3356	0.690061526392167
CD4T	3356	3357	1.06175181676558
CD4T	3357	3358	1.29157767271088
CD4T	3358	3359	1.43532838312142
CD4T	3359	3360	2.16721796495181
CD4T	8406	8407	1.38591947826639
CD4T	8407	8408	1.11832740717128
CD4T	8408	8409	1.23605340726104
CD4T	8409	8410	1.41801372546231
CD4T	8410	8411	1.28021208433365
CD4T	8411	8412	0.645503646986147
CD4T	8412	8413	1.39156744301805
CD4T	8413	8414	1.34855266205602
CD4T	8414	8415	1.2502685795742
CD4T	8415	8416	1.61975725586195
CD4T	9968	9969	2.05447253035063
CD4T	9969	9970	1.58063191318502
CD4T	10204	10205	1.11818877029321
CD4T	10205	10206	0.353140689209262
CD4T	10206	10207	0.860227489847511
CD4T	10207	10208	0.742624199355554
CD4T	10208	10209	1.09608535555065
CD4T	10209	10210	0.929883114973155
CD4T	10210	10211	1.00062682151205
CD4T	10211	10212	2.87190427129151
CD4T	10212	10213	1.59144358269778
CD4T	10213	10214	1.36449673814952
CD4T	10214	10215	1.20654560424821
CD4T	10955	10956	1.40977087421791
CD4T	10956	10957	1.97992464839771
CD4T	10957	10958	2.18103416648712
CD4T	11194	11195	1.01633389141241
CD4T	11195	11196	1.66356142257889
CD4T	11196	11197	0.932772017348123
CD4T	11197	11198	1.13096197808972
CD4T	11198	11199	1.22711740621255
CD4T	11199	11200	0.935397933011595
CD4T	11200	11201	1.02933664446427
CD4T	11201	11202	0.779745151372124
CD4T	11202	11203	1.50040652948425
CD4T	11203	11204	0.929883114973155
CD4T	11204	11205	1.66860798116771
CD4T	11205	11206	1.56748744602961
CD4T	11206	11207	0.825579226663275
CD4T	11207	11208	1.02553566264991
CD4T	11208	11209	1.21815743931789
CD4T	11209	11210	1.1154239644438
CD4T	11210	11211	0.958078840532682
CD4T	13070	13071	1.19309371701908
CD4T	13071	13072	0.947027003702992
CD4T	13072	13073	1.26176392935434
CD4T	13073	13074	1.19069827311724
CD4T	13074	13075	0.812321617581757
CD4T	13075	13076	1.37677047960864
CD4T	13076	13077	0.96135890776752
CD4T	13077	13078	1.32203090531207
CD4T	13078	13079	1.32750425289318
CD4T	13079	13080	1.87258528715908
CD4T	13080	13081	0.728146148065575
CD4T	14576	14577	0.443425870347387
CD4T	14577	14578	1.31401621564324
CD4T	14578	14579	0.905069462703706
CD4T	14579	14580	0.376822091614816
CD4T	14580	14581	1.51095887529269
CD4T	14581	14582	1.53279054758662
CD4T	14582	14583	1.20083198862238
CD4T	14583	14584	0.675288259646645
CD4T	14584	14585	0.658089113720663
CD4T	14585	14586	1.26833565852757
CD4T	14586	14587	1.04544991659732
CD4T	14587	14588	0.741298872018096
CD4T	14588	14589	0.758380535142705
CD4T	14589	14590	2.05033202914929
CD4T	14590	14591	0.785610027541615
CD4T	14591	14592	1.0269143046669
CD4T	14592	14593	0.974621908437393
CD4T	14593	14594	1.32162752087085
CD4T	15438	15439	0.620254853376225
CD4T	15439	15440	1.27946242960824
CD4T	15440	15441	1.68308252446732
CD4T	15441	15442	0.956497152352196
CD4T	15442	15443	1.53421562797288
CD4T	15443	15444	0.911606463317496
CD4T	15444	15445	1.06891866521506
CD4T	15445	15446	0.904456274227152
CD4T	15446	15447	1.48204514958969
CD4T	15447	15448	1.80140759977689
CD4T	15448	15449	1.57727025484293
CD4T	15449	15450	0.583621683500517
CD4T	15450	15451	0.806854696127832
CD4T	15451	15452	1.14057454386996
CD4T	15452	15453	1.16716740607241
CD4T	15453	15454	1.79593833030302
CD4T	15454	15455	1.65993020467406
CD4T	15455	15456	0.929418956854895
CD4T	15456	15457	0.395915273461221
CD4T	15457	15458	1.00302582760771
CD4T	15458	15459	2.03707518825094
CD4T	15459	15460	0.536685265326895
CD4T	15460	15461	0.539175132769031
CD4T	15461	15462	1.24215091276888
CD4T	15462	15463	1.6003798075144
CD4T	15463	15464	0.685388499648758
CD4T	15464	15465	0.68421832958652
CD4T	15465	15466	1.15720349761126
CD4T	15466	15467	1.0390335428681
CD4T	16925	16926	1.19229404163186
CD4T	16926	16927	1.83704719881668
CD4T	17261	17262	1.11468922453548
CD4T	17262	17263	0.872365472951649
CD4T	17430	17431	0.970632334945838
CD4T	17431	17432	1.1154239644438
CD4T	17432	17433	0.720474840788322
CD4T	17433	17434	1.19037969098343
CD4T	17643	17644	1.30896438286308
CD4T	17644	17645	1.02279040254464
CD4T	17645	17646	1.13238531239755
CD4T	17722	17723	0.964462275547521
CD4T	17723	17724	1.05353208130755
CD4T	17724	17725	3.20970553835426
CD4T	17725	17726	1.34486917677171
CD4T	17726	17727	0.688184391217816
CD4T	17727	17728	0.926736593892474
CD4T	18625	18626	0.619421869887438
CD4T	18980	18981	2.15139701618538
CD4T	18981	18982	0.970530500811152
CD4T	18982	18983	2.23956666872002
CD4T	18983	18984	1.13238531239755
CD4T	18984	18985	1.62908379330348
CD4T	18985	18986	1.21431459663628
CD4T	18986	18987	1.31600948404142
CD4T	18987	18988	1.62760253772604
CD4T	18988	18989	1.22456659325814
CD4T	18989	18990	0.874641236301441
CD4T	18990	18991	1.47615728415992
CD4T	18991	18992	2.4811414301356
CD4T	18992	18993	0.814488268485029
CD4T	18993	18994	2.35234844919674
CD4T	20992	20993	0.49449651926258
CD4T	20993	20994	1.14937447336094
CD4T	20994	20995	1.43630478169455
CD4T	20995	20996	3.09847030588739
CD4T	20996	20997	0.700272561289123
CD4T	20997	20998	0.396567469354182
CD4T	20998	20999	0.717668250533718
CD4T	20999	21000	0.79903361613107
CD4T	21000	21001	0.511974926292671
CD4T	21001	21002	0.701244390792565
CD4T	21002	21003	0.837439817991127
CD4T	21003	21004	0.800247231882011
CD4T	21004	21005	0.398907707562005
CD4T	21005	21006	1.43924329833117
CD4T	21006	21007	1.05450623603875
CD4T	21538	21539	0.791766444730241
CD4T	21539	21540	0.890847622152061
CD4T	21540	21541	1.23865836231383
CD4T	21541	21542	0.748268587042754
CD4T	21542	21543	1.05475008190674
CD4T	21543	21544	1.06797786518987
CD4T	21544	21545	0.441277905679886
CD4T	21545	21546	0.917838522074432
CD4T	21546	21547	0.877011622855285
CD4T	21547	21548	0.47062696999673
CD4T	21548	21549	0.90779571539102
CD4T	21549	21550	0.584042466677621
CD4T	21550	21551	1.90496729534523
CD4T	21551	21552	1.29889523693657
CD4T	21552	21553	0.919331483264979
CD4T	21553	21554	1.02131003794068
CD4T	21554	21555	0.598841006618115
CD4T	21555	21556	0.881462056897868
CD4T	21556	21557	0.852512596130781
CD4T	21557	21558	1.45629018399845
CD4T	21558	21559	0.929883114973155
CD4T	21559	21560	1.00697845608354
CD4T	21560	21561	1.27908797507178
CD4T	21561	21562	0.844791450644434
CD4T	21562	21563	0.824139514795741
CD4T	21563	21564	0.739806617596249
CD4T	21564	21565	0.48481171941386
CD4T	21565	21566	1.34633979900985
CD4T	21566	21567	0.726432840427989
CD4T	21567	21568	0.981872114718505
CD4T	21568	21569	1.03014685353118
CD4T	21569	21570	1.22017324390309
CD4T	21570	21571	1.49519531482676
CD4T	21571	21572	0.963158241725882
CD4T	21572	21573	1.14362476388531
CD4T	21573	21574	0.7705251991316
CD4T	21574	21575	1.43557233761321
CD4T	21575	21576	0.798966306636266
CD4T	21576	21577	1.11902116029932
CD4T	21577	21578	0.893653766724936
CD4T	21578	21579	0.950420756337183
CD4T	21579	21580	1.03084242270839
CD4T	21580	21581	0.78457213234797
CD4T	21581	21582	1.75799034376634
CD4T	21582	21583	1.05695024515647
CD4T	21583	21584	0.992327148690949
CD4T	21584	21585	0.636323589319465
CD4T	21585	21586	1.08988899782402
CD4T	21586	21587	1.05462814359469
CD4T	21587	21588	0.750681444921423
CD4T	21588	21589	0.346393349878559
CD4T	21589	21590	0.487535646023029
CD4T	21590	21591	0.719068690081491
CD4T	21591	21592	2.58891156723466
NK	315	316	1.7900947443555
NK	554	555	2.28063964451938
NK	555	556	0.640582285935816
NK	556	557	1.1945361536712
NK	557	558	1.38681959092
NK	1009	1010	0.960860375615292
NK	1010	1011	1.41659271869206
NK	1357	1358	1.36427985160532
NK	1358	1359	0.391472117424959
NK	1359	1360	1.2798371326043
NK	1360	1361	0.909741140137114
NK	1548	1549	1.34319296817675
NK	1549	1550	0.668538999758549
NK	1634	1635	0.947897195042191
NK	1635	1636	1.03421878964667
NK	1636	1637	0.452089044140127
NK	1637	1638	0.981454683015227
NK	1638	1639	0.838183777902613
NK	1639	1640	0.629040632436616
NK	2178	2179	1.38546992787102
NK	2190	2191	0.708649780561148
NK	2496	2497	1.45364654314938
NK	2497	2498	0.944618779764554
NK	2498	2499	1.31921310141975
NK	2916	2917	0.419829996003268
B	136	137	0.977404698748076
B	163	164	0.962157717958317
B	164	165	0.809198014154933
B	591	592	1.60815913988132
B	647	648	2.22803109050287
B	923	924	0.665170648166789
B	1013	1014	1.55127308811255
B	1014	1015	1.07187828023387
B	1015	1016	0.448357824368071
B	1016	1017	0.940126712270923
B	1017	1018	1.7360849798154
B	1018	1019	0.951395204590135
B	1019	1020	1.24920297897551
B	1020	1021	1.09015110651298
B	1764	1765	1.86493826954485
B	1765	1766	1.525993697848
B	1766	1767	0.718152374020351
B	1767	1768	0.675193551655862
B	2386	2387	0.670866578822798
B	2387	2388	0.761287718732992
B	2388	2389	1.02324683720569
B	2542	2543	0.884539281552559
B	2597	2598	0.569077173943064
B	2598	2599	0.311450053992758
B	2715	2716	0.338912834627658
B	2716	2717	0.639522673783364
B	2717	2718	0.394034561892786
B	2718	2719	0.608073987529202
B	3468	3469	0.736954472758848
B	3469	3470	0.384686165760202
B	3470	3471	0.72676379135893
B	3471	3472	0.452089044140127
B	3472	3473	1.23501487044517
B	3473	3474	0.425578691513679
B	3474	3475	0.369912219733777
B	3475	3476	0.368327486844565
B	3476	3477	0.372743541656129
B	3477	3478	1.39833920088615
B	3478	3479	0.480277429648287
B	3479	3480	0.329413489068154
B	3480	3481	0.699660216987928
B	3481	3482	0.608570079358554
B	3482	3483	0.607921511545942
B	3483	3484	0.370189234391429
B	3677	3678	0.402635268811257
B	3678	3679	0.669747246644951
B	3679	3680	0.754271781692288
B	3680	3681	1.20786012392969
B	3681	3682	2.30999856153725
B	3682	3683	0.353519127805692
B	3683	3684	0.50704114881036
B	3684	3685	0.874206785043534
B	3685	3686	0.31773604767455
B	3686	3687	0.543181303877244
B	3687	3688	0.330203783652161
B	3688	3689	0.341471841035869
B	3689	3690	0.317278575003415
B	3690	3691	0.322952145590508
B	3691	3692	0.378597820401155
B	3692	3693	0.355730335934215
B	3693	3694	0.69150125385604
B	3694	3695	0.781668438674256
B	3695	3696	1.5951915298159
B	3696	3697	2.21036890399801
B	3697	3698	0.505470258252121
B	3698	3699	0.360447707877617
B	3699	3700	0.381153653632281
B	3700	3701	1.64762556764427
B	3701	3702	0.415213787474047
B	3702	3703	1.30788056530046
B	3703	3704	0.491890328958682
B	3704	3705	1.75254829460088
B	3705	3706	0.402602408101623
B	3706	3707	1.64966090504858
B	3707	3708	0.380595708706401
B	3708	3709	0.579897077626956
B	3709	3710	0.567451805056141
B	3710	3711	0.377296850207483
B	3711	3712	0.565310354526275
B	3712	3713	0.366688425817599
B	3713	3714	0.422929458751756
B	3714	3715	0.63220562729864
B	3715	3716	0.278683000401678
B	3716	3717	0.43544003108828
B	3717	3718	0.342440076950495
B	3718	3719	1.01464947554944
B	3719	3720	0.787237529246732
B	3720	3721	0.516325475869465
B	3721	3722	0.946351373182774
B	3722	3723	0.330920537751644
B	3723	3724	0.814768724610891
B	3724	3725	0.321007168217238
B	3725	3726	0.314142930308551
B	3726	3727	0.541809071778963
B	3727	3728	0.672083576487077
B	3728	3729	0.469658886937194
B	3729	3730	0.389203807227391
B	3730	3731	0.608379176108565
B	3731	3732	0.528610252460967
B	3732	3733	1.66790968088943
B	3733	3734	0.664964160965949
B	3734	3735	1.86493826954485
B	3735	3736	1.24500497768443
B	3736	3737	0.341201254660558
B	5320	5321	0.693647555851847
B	5336	5337	0.291618919108156
Neutrophil	129	130	2.19014490174816
Neutrophil	130	131	2.65149611519828
Neutrophil	541	542	2.78914930889747
Neutrophil	542	543	1.86447737042023
Neutrophil	723	724	2.11296423371848
Neutrophil	959	960	2.33827032138668
Neutrophil	960	961	2.94538684653599
Neutrophil	1190	1191	2.27558632983163
Neutrophil	1191	1192	2.87167962488401
Neutrophil	1192	1193	1.9534911639984
Neutrophil	1435	1436	2.31986610512122
Neutrophil	1586	1587	1.45869177161548
Macrophage	0	1	4.05603068847081
Macrophage	1	2	2.47950852601844
Macrophage	2	3	1.9369032721976
Macrophage	3	4	1.30945770381078
Macrophage	4	5	1.19469666475939
Macrophage	5	6	0.580658888304164
Macrophage	6	7	3.15818148105316
Macrophage	35	36	3.85578481654864
Macrophage	36	37	2.34013358005413
Macrophage	37	38	2.85464025387344
Macrophage	38	39	1.89617614338118
Macrophage	39	40	1.90138580746288
Macrophage	40	41	2.48341510812121
Macrophage	41	42	3.21501437519702
Macrophage	42	43	1.93959397920102
Macrophage	43	44	2.45061408554926
Macrophage	44	45	2.22250809117966
Macrophage	45	46	4.46260544492541
Macrophage	46	47	3.1187238304723
Macrophage	47	48	0.868694070930074
Macrophage	48	49	2.88594384543757
Macrophage	49	50	2.16414212624539
Macrophage	50	51	0.603383587808824
Macrophage	51	52	0.508754239978836
Macrophage	52	53	1.45611359107642
Macrophage	53	54	1.66456775116883
Macrophage	54	55	0.388912565304605
Macrophage	55	56	0.413246984096257
Macrophage	56	57	2.14613352518875
Macrophage	248	249	2.61365230345465
Macrophage	249	250	1.21369061905787
Macrophage	250	251	1.16589883438313
Macrophage	251	252	3.3372059049908
Macrophage	252	253	1.58247280475508
Macrophage	253	254	4.02162291064493
Macrophage	254	255	1.52150205019318
Macrophage	255	256	3.22457658949341
Macrophage	256	257	2.12390931231874
Macrophage	257	258	3.08187725740645
Macrophage	258	259	3.14996626404054
Macrophage	259	260	1.85741597122646
Macrophage	260	261	1.52066335423564
Macrophage	261	262	0.875130542958872
Macrophage	262	263	0.593714204822762
Macrophage	263	264	0.520724540667836
Macrophage	264	265	2.04777994505654
Macrophage	265	266	0.664345495895887
Macrophage	266	267	0.699711203118335
Macrophage	347	348	2.98019157934228
Macrophage	348	349	0.923841706322984
Macrophage	349	350	2.89294261917448
Macrophage	350	351	2.53744016203083
Macrophage	351	352	4.39374587363468
Macrophage	352	353	0.727813882105881
Macrophage	353	354	3.58058812041532
Macrophage	354	355	0.741471460286464
Macrophage	355	356	2.83487135990457
Macrophage	356	357	2.47537226406002
Macrophage	357	358	1.1080336234965
Macrophage	358	359	1.77714828409094
Macrophage	359	360	0.644986461299773
Macrophage	360	361	2.73093319654561
Macrophage	361	362	1.16216174439179
Macrophage	362	363	2.23433661255518
Macrophage	363	364	1.58022352388306
Macrophage	364	365	2.12650693025845
Macrophage	365	366	0.958078840532682
Macrophage	366	367	0.980620967409757
Macrophage	367	368	2.70102019306548
Macrophage	368	369	1.139128374041
Macrophage	369	370	2.07963844160062
Macrophage	370	371	3.42282809222691
Macrophage	371	372	0.990940562616047
Macrophage	372	373	1.22588302574991
Macrophage	373	374	2.27245780891882
Macrophage	374	375	3.2808742601329
Macrophage	375	376	0.679626841362466
Macrophage	376	377	1.42301346208277
Macrophage	377	378	1.02668425142892
Macrophage	378	379	3.21071996970662
Macrophage	379	380	0.36122427372761
Macrophage	380	381	2.81870390792171
Macrophage	381	382	1.03072642361444
Macrophage	382	383	0.685388499648758
Macrophage	383	384	1.44312833218745
Macrophage	384	385	0.970836072298413
Macrophage	385	386	2.31163492851396
Macrophage	386	387	3.34285131922655
Macrophage	387	388	4.27480524605829
Macrophage	388	389	1.00313516924085
Macrophage	389	390	2.80232178555727
Macrophage	390	391	2.26384573094241
Macrophage	391	392	2.46506634686284
Macrophage	392	393	0.762363612811898
Macrophage	393	394	3.03840550115498
Macrophage	394	395	0.314501542679054
Macrophage	395	396	1.65749147177892
Macrophage	396	397	1.80232321870909
Macrophage	397	398	2.60019573350275
Macrophage	398	399	1.38136468600529
Macrophage	399	400	3.62397039001441
Macrophage	400	401	0.458799747700372
Macrophage	401	402	0.901925338751984
Macrophage	402	403	2.64580015015964
Macrophage	403	404	1.43281316824226
Macrophage	404	405	2.81384949195747
Macrophage	405	406	3.06293891138969
Macrophage	406	407	2.92747160514723
Macrophage	407	408	3.00537849705492
Macrophage	408	409	2.26507547442707
Macrophage	409	410	1.11171527229756
Macrophage	410	411	3.13008196677281
Macrophage	411	412	2.79469341515974
Macrophage	412	413	2.31245433874836
Macrophage	413	414	0.578586050764698
Macrophage	414	415	2.45931713958767
Macrophage	415	416	1.22316871040248
Macrophage	416	417	1.13324121431038
Macrophage	417	418	2.65502393231475
Macrophage	418	419	2.14893933617676
Macrophage	419	420	1.01644640150919
Macrophage	420	421	3.38453803175884
Macrophage	421	422	3.5388666089761
Macrophage	422	423	0.50536588556373
Macrophage	423	424	2.10343203031649
Macrophage	424	425	2.14569542005833
Macrophage	425	426	1.87367315088308
Macrophage	426	427	2.05823791066224
Macrophage	966	967	2.67473074044319
Macrophage	967	968	2.80243086883341
Macrophage	968	969	3.86435321599739
Macrophage	969	970	1.00384651938003
Macrophage	970	971	0.613266696621508
Macrophage	971	972	1.47442327347611
Macrophage	972	973	1.16724361791524
Macrophage	973	974	2.0727764476327
Macrophage	974	975	0.663842279937363
Macrophage	975	976	0.507724969349892
Macrophage	976	977	0.681021654611798
Macrophage	992	993	2.39798618684829
Macrophage	993	994	2.74050798988632
Macrophage	994	995	0.652085693762171
Macrophage	995	996	1.74198294472161
Macrophage	996	997	2.91575104715351
Macrophage	997	998	1.84433115346209
Macrophage	998	999	2.23797538749523
Macrophage	999	1000	0.400299348492156
Macrophage	1000	1001	1.36999955382231
Macrophage	1001	1002	0.630105665689967
Macrophage	1002	1003	3.47074225079534
Macrophage	1003	1004	3.00275980151459
Macrophage	1004	1005	0.972980891853428
Macrophage	1005	1006	0.92379591175871
Macrophage	1006	1007	1.93414988133629
Macrophage	1007	1008	2.69441834087492
Macrophage	1008	1009	2.6044275469224
Macrophage	1009	1010	1.10008110986956
Macrophage	1010	1011	2.61005126352916
Macrophage	1011	1012	1.05086324900709
Macrophage	1012	1013	3.15151154022394
Macrophage	1013	1014	2.11504491277025
Macrophage	1014	1015	2.73672992507885
Macrophage	1015	1016	1.31660881005734
Macrophage	1016	1017	1.68108739073313
Macrophage	1017	1018	1.97296240954775
Macrophage	1018	1019	2.37503047324819
Macrophage	1019	1020	2.97536566645651
Macrophage	1020	1021	2.56438149827535
Macrophage	1021	1022	1.37147927533475
Macrophage	1022	1023	0.691451504127511
Macrophage	1023	1024	3.09066400515595
Macrophage	1024	1025	0.673352239629306
Macrophage	1025	1026	2.24974984717413
Macrophage	1096	1097	1.38337647140077
Macrophage	1097	1098	2.08123736296833
Macrophage	1098	1099	2.2806521607343
Macrophage	1099	1100	2.23062151051123
Macrophage	1100	1101	2.01871820488332
Macrophage	1101	1102	1.0318876932336
Macrophage	1102	1103	2.49068014179752
Macrophage	1103	1104	1.29426269940212
Macrophage	1104	1105	0.567584130827284
Macrophage	1159	1160	0.307377796044281
Macrophage	1160	1161	2.65497270206027
Macrophage	1161	1162	1.47685223152808
Macrophage	1162	1163	1.55098020908326
Macrophage	1163	1164	1.63921029215975
Macrophage	1164	1165	2.36327262569723
Macrophage	1165	1166	1.56723723092756
Macrophage	1166	1167	1.18638704979231
Macrophage	1167	1168	3.4640490254726
Macrophage	1168	1169	1.15399828555234
Macrophage	1169	1170	1.67370811497989
Macrophage	1170	1171	1.35013839524114
Macrophage	1171	1172	1.89334109370715
Macrophage	1172	1173	0.668214474498369
Macrophage	1173	1174	3.65218137803077
Macrophage	1174	1175	1.01464947554944
Macrophage	1175	1176	2.17703738604287
Macrophage	1176	1177	1.63155982952137
Macrophage	1177	1178	1.92511598157395
Macrophage	1178	1179	1.24156728264307
Macrophage	1179	1180	1.19614343445756
Macrophage	1180	1181	0.866251337969442
Macrophage	1181	1182	0.472393440894523
Macrophage	1182	1183	1.05422190461151
Macrophage	1183	1184	1.39703982962797
Macrophage	1184	1185	0.729367170750942
Macrophage	1185	1186	1.39429742384286
Macrophage	1186	1187	1.36893861465824
Macrophage	1376	1377	1.43885769444217
Macrophage	1377	1378	1.5119817808476
Macrophage	1378	1379	1.49096808307026
Macrophage	1379	1380	1.08558407438931
Macrophage	1380	1381	4.16736106685653
Macrophage	1381	1382	3.7962893196065
Macrophage	1382	1383	4.30039685572091
Macrophage	1383	1384	4.44108570968353
Macrophage	1384	1385	4.29018824607015
Macrophage	1385	1386	3.72244510206068
Macrophage	1386	1387	4.21415591278834
Macrophage	1387	1388	2.66583777970295
Macrophage	1388	1389	1.9571887238269
Macrophage	1389	1390	4.60764831589371
Macrophage	1390	1391	3.35490823378883
Macrophage	1391	1392	2.04671253913134
Macrophage	1392	1393	2.86037286846089
Macrophage	1393	1394	3.52584763892991
Macrophage	1394	1395	0.847856981057465
Macrophage	1395	1396	2.35023055748982
Macrophage	1396	1397	2.55203885974794
Macrophage	1397	1398	2.01377718312349
Macrophage	1398	1399	2.19311073165501
Macrophage	1399	1400	2.544672669494
Macrophage	1400	1401	1.41038522901039
Macrophage	1401	1402	3.20452401822243
Macrophage	1402	1403	3.66125801369195
Macrophage	1403	1404	2.23700077344719
Macrophage	1404	1405	2.45754886362736
Macrophage	1405	1406	3.65855421226251
Macrophage	1406	1407	2.20084758141059
Macrophage	1407	1408	0.654384645712547
Macrophage	1408	1409	4.52536206950525
Macrophage	1409	1410	4.29113825322705
Macrophage	1410	1411	3.1126862627382
Macrophage	1411	1412	2.7354154071708
Macrophage	1412	1413	0.367888956779766
Macrophage	1413	1414	2.21350748722298
Macrophage	1414	1415	3.98892435005524
Macrophage	1415	1416	5.46513757472983
Macrophage	1416	1417	2.57081188848642
Macrophage	1417	1418	3.09537201918649
Macrophage	1418	1419	1.19840175927648
Macrophage	1419	1420	1.03185862682231
Macrophage	1420	1421	2.54391749146737
Macrophage	1421	1422	3.49489995657662
Macrophage	1422	1423	1.21414813236759
Macrophage	1423	1424	1.02496241431712
Macrophage	1424	1425	2.69935462164678
Macrophage	1425	1426	1.91389685692532
Macrophage	1426	1427	4.269771403561
Macrophage	1427	1428	0.698523537596326
Macrophage	1428	1429	3.14164662052164
Macrophage	1429	1430	1.06603927030685
Macrophage	1430	1431	0.674814995195658
Macrophage	1431	1432	3.79369372842475
Macrophage	1432	1433	0.702630250687765
Macrophage	1433	1434	3.84417130097308
Macrophage	1434	1435	3.02318762587023
Macrophage	1435	1436	2.35413291529155
Macrophage	1436	1437	0.661950875218142
Macrophage	1437	1438	3.5387730963952
Macrophage	1438	1439	0.577658227666841
Macrophage	1439	1440	2.93265763672633
Macrophage	1440	1441	2.06873850742521
Macrophage	1441	1442	2.30259409304355
Macrophage	1442	1443	1.51743068176667
Macrophage	1443	1444	3.7015231858836
Macrophage	1444	1445	2.09821597162789
Macrophage	1445	1446	1.46253911512067
Macrophage	1446	1447	3.19093345059532
Macrophage	1447	1448	4.93480793346479
Macrophage	1448	1449	2.18185261423241
Macrophage	1449	1450	1.06410835100195
Macrophage	1450	1451	0.822061324621452
Macrophage	1451	1452	2.0571460451801
Macrophage	1452	1453	0.609833144556316
Macrophage	1453	1454	4.35057008021032
Macrophage	1454	1455	3.43434380880078
Macrophage	1455	1456	3.77197194164942
Macrophage	1456	1457	2.88816939839063
Macrophage	1457	1458	0.910939339147929
Macrophage	1458	1459	2.5870423241403
Macrophage	1459	1460	0.840598848997232
Macrophage	1460	1461	4.61030262353648
Macrophage	1461	1462	2.1686823910067
Macrophage	1462	1463	1.14296962640607
Macrophage	1463	1464	2.64465675203229
Macrophage	1464	1465	3.1968267636185
Macrophage	1465	1466	3.47862680126033
Macrophage	1466	1467	0.957856075819711
Macrophage	1467	1468	3.39644735750664
Macrophage	1468	1469	2.22192120213172
Macrophage	1469	1470	4.06626170632184
Macrophage	1470	1471	1.51255690076464
Macrophage	1471	1472	3.66504501026903
Macrophage	1472	1473	1.60203197121592
Macrophage	1473	1474	1.07397973259833
Macrophage	1474	1475	0.886128382835706
Macrophage	1475	1476	2.82395267882896
Macrophage	1476	1477	0.699558267916835
Macrophage	1477	1478	2.52077267174085
Macrophage	1478	1479	0.625099833017914
Macrophage	1479	1480	2.36513979330713
Macrophage	1480	1481	1.98172020048003
Macrophage	1481	1482	3.91826624437081
Macrophage	1482	1483	2.80826819284408
Macrophage	1483	1484	2.05269531133651
Macrophage	1484	1485	1.63394542851221
Macrophage	1485	1486	4.13717386785996
Macrophage	1486	1487	1.41979465097208
Macrophage	1487	1488	1.99365717950393
Macrophage	1488	1489	1.55795714499525
Macrophage	1489	1490	0.623208647456642
Macrophage	1490	1491	1.09672696039535
Macrophage	1491	1492	1.1588510236475
Macrophage	1492	1493	4.50970842437266
Macrophage	1493	1494	0.708283489176488
Macrophage	1494	1495	0.466025707016017
Macrophage	1495	1496	3.00433661787548
Macrophage	1496	1497	0.730146413600913
Macrophage	1497	1498	0.724371501768066
Macrophage	1498	1499	1.17934775702055
Macrophage	1499	1500	2.56642755433085
Macrophage	1500	1501	1.79280189609197
Macrophage	1501	1502	0.377253640322451
Macrophage	1502	1503	1.84134927991218
Macrophage	1503	1504	3.16940493444214
Macrophage	1504	1505	0.430094803214795
Macrophage	1505	1506	1.3119505032298
Macrophage	1506	1507	2.94424952542416
Macrophage	1507	1508	2.22155461379584
Macrophage	1508	1509	2.4387078302224
Macrophage	1509	1510	2.05380559406879
Macrophage	1510	1511	2.75085233813443
Macrophage	1511	1512	0.773531071784562
Macrophage	1512	1513	2.10494940799279
Macrophage	1513	1514	3.41195678250487
Macrophage	1514	1515	2.94348097530571
Macrophage	1515	1516	0.666504539049558
Macrophage	1516	1517	2.72876925457333
Macrophage	1517	1518	0.921057098857279
Macrophage	1518	1519	1.00178842313393
Macrophage	1519	1520	0.342700791596528
Macrophage	1520	1521	1.73429001339493
Macrophage	1521	1522	0.412676167987584
Macrophage	1522	1523	0.871232303544898
Macrophage	1523	1524	3.68350526905489
Macrophage	1524	1525	3.55463594907504
Macrophage	1525	1526	2.72949255087603
Macrophage	1625	1626	2.39863152866754
Macrophage	1626	1627	0.444266940642034
Macrophage	1627	1628	2.44538076697246
Macrophage	1628	1629	1.1008171402328
Macrophage	1629	1630	1.93178139887899
Macrophage	1630	1631	2.12088956329621
Macrophage	1631	1632	3.45824992910303
Macrophage	1632	1633	2.2773906918002
Macrophage	1633	1634	2.63552050983511
Macrophage	1634	1635	1.69568501583596
Macrophage	1635	1636	2.00954848663315
Macrophage	1636	1637	2.85062096408385
Macrophage	1637	1638	2.76457833076232
Macrophage	1638	1639	2.20709855076934
Macrophage	1639	1640	0.319981542022014
Macrophage	1640	1641	4.83913315373661
Macrophage	1641	1642	1.75104326043136
Macrophage	1642	1643	4.58204407301903
Macrophage	1643	1644	2.38298820514985
Macrophage	1644	1645	1.92457431648518
Macrophage	1645	1646	4.78637853305542
Macrophage	1646	1647	0.498471760538129
Macrophage	1647	1648	0.419579741536071
Macrophage	1648	1649	0.793288287633936
Macrophage	1649	1650	3.62740647620673
Macrophage	1650	1651	3.73102992824057
Macrophage	1651	1652	2.73401555552191
Macrophage	1652	1653	3.01629137430078
Macrophage	1653	1654	3.45131593047701
Macrophage	1654	1655	3.27545490942988
Macrophage	1655	1656	2.32496363102603
Macrophage	1656	1657	2.18382640423796
Macrophage	1657	1658	1.48911754322464
Macrophage	1658	1659	3.81484027751042
Macrophage	1659	1660	3.26836964900045
Macrophage	1660	1661	2.33095623451428
Macrophage	1661	1662	2.19212089799649
Macrophage	1662	1663	3.50678940304527
Macrophage	1663	1664	2.85690685278188
Macrophage	1664	1665	2.81363903186273
Macrophage	1665	1666	4.34846982391543
Macrophage	1666	1667	2.57763111326033
Macrophage	1667	1668	3.69152957073573
Macrophage	1668	1669	3.80230450427588
Macrophage	1669	1670	1.94684133908535
Macrophage	1670	1671	4.17289180826834
Macrophage	1671	1672	3.44760273945133
Macrophage	1672	1673	3.11159364468413
Macrophage	1673	1674	1.09784620929147
Macrophage	1674	1675	3.2817361471471
Macrophage	1675	1676	3.62943824927301
Macrophage	1676	1677	0.948090804145707
Macrophage	1677	1678	0.424862832964726
Macrophage	1678	1679	3.28757846827362
Macrophage	1679	1680	2.77383960844717
Macrophage	1680	1681	1.25276296849537
Macrophage	1681	1682	3.6005005248787
Macrophage	1682	1683	3.60220138493715
Macrophage	1683	1684	3.38600383786337
Macrophage	1684	1685	4.06125570595712
Macrophage	1685	1686	0.671661790069151
Macrophage	1686	1687	1.29883063798082
Macrophage	1687	1688	3.44279504582972
Macrophage	1688	1689	3.21178508538827
Macrophage	1689	1690	3.78664599339525
Macrophage	1690	1691	4.55252616528661
Macrophage	1691	1692	1.76059978580313
Macrophage	1692	1693	2.09276742391351
Macrophage	1693	1694	4.45169368300682
Macrophage	1694	1695	1.40102321146799
Macrophage	1695	1696	4.20925656634351
Macrophage	1696	1697	0.907207945407091
Macrophage	1697	1698	0.451507715025432
Macrophage	1698	1699	1.52312664440063
Macrophage	1699	1700	0.341908042609539
Macrophage	1700	1701	3.37906533924112
Macrophage	1701	1702	1.97269590679647
Macrophage	1702	1703	2.13474590278607
Macrophage	1703	1704	4.96655352630101
Macrophage	1704	1705	1.11464333868948
Macrophage	1705	1706	0.518268147971125
Macrophage	1706	1707	0.682809899238955
Macrophage	1707	1708	4.36791867253786
Macrophage	1708	1709	1.56838901276714
Macrophage	1709	1710	0.368932194895441
Macrophage	1710	1711	1.30731483718147
Macrophage	1711	1712	2.44159411205195
Macrophage	1712	1713	2.2079269009153
Macrophage	1713	1714	3.76718448680591
Macrophage	1714	1715	2.43128116281213
Macrophage	1715	1716	3.65097869865322
Macrophage	1716	1717	4.15278442148285
Macrophage	1717	1718	1.4911814428667
Macrophage	1718	1719	1.61845859216003
Macrophage	1719	1720	2.14717695003865
Macrophage	1720	1721	1.86503048421787
Macrophage	1721	1722	3.27635420921651
Macrophage	1722	1723	0.317807329680748
Macrophage	1723	1724	0.908119335657239
Macrophage	1724	1725	1.23854232433307
Macrophage	1725	1726	2.23657391612477
Macrophage	1726	1727	1.84663556115684
Macrophage	1727	1728	0.543377918556064
Macrophage	1728	1729	1.41263143945547
Macrophage	1729	1730	1.01853272346734
Macrophage	1730	1731	1.7944032432922
Macrophage	1731	1732	0.815541030437718
Macrophage	1732	1733	0.635988766719997
Macrophage	1733	1734	0.782956176950796
Macrophage	1734	1735	1.69332704731933
Macrophage	1735	1736	2.24006654116299
Macrophage	1736	1737	0.502358106073653
Macrophage	1737	1738	3.15204705019671
Macrophage	1738	1739	2.65345765336174
Macrophage	1739	1740	1.92886004447358
Macrophage	1740	1741	1.90655109166944
Macrophage	1741	1742	0.647885103113628
Macrophage	1742	1743	1.84856741288028
Macrophage	1743	1744	0.328921490354429
Macrophage	1744	1745	2.10387429497904
Macrophage	1745	1746	1.69695803748744
Macrophage	1746	1747	0.56136782660598
Macrophage	1747	1748	0.671849182881011
Macrophage	1748	1749	2.96104835753347
Macrophage	1749	1750	0.522673327321179
Macrophage	1750	1751	0.802074951283096
Macrophage	1751	1752	0.319641133840562
Macrophage	1752	1753	1.75087467195305
Macrophage	1753	1754	0.998456655303712
Macrophage	1754	1755	1.47113103437221
Macrophage	1755	1756	1.57635641238826
Macrophage	1756	1757	3.15177925616019
Macrophage	1757	1758	3.06501827410864
Macrophage	1758	1759	0.882540644640043
Macrophage	1759	1760	2.31611441996779
Macrophage	1760	1761	1.71934145980446
Macrophage	1761	1762	2.22030946179844
Macrophage	1762	1763	1.96635724515974
Macrophage	1763	1764	2.07247287236374
Macrophage	1764	1765	1.96395366424925
Macrophage	1765	1766	1.45013910378982
Macrophage	1766	1767	1.09575381434258
Macrophage	1767	1768	1.34073969780861
Macrophage	1768	1769	0.451093409882625
Macrophage	1769	1770	1.57422904156658
Macrophage	1770	1771	2.00356775837289
Macrophage	1771	1772	1.77620128734814
Macrophage	1772	1773	1.67936610958331
Macrophage	1773	1774	3.59225389798332
Macrophage	1774	1775	0.764422750901641
Macrophage	1775	1776	3.32964489843493
Macrophage	1776	1777	0.736670521522816
Macrophage	1777	1778	1.6735161717558
Macrophage	1778	1779	1.03095845018754
Macrophage	1779	1780	2.71683008640848
Macrophage	1780	1781	2.74501005214188
Macrophage	1781	1782	2.04071755795513
Macrophage	1782	1783	2.74450142372661
Macrophage	1783	1784	0.544773524309609
Macrophage	1784	1785	0.471236916111134
Macrophage	1785	1786	0.685388499648758
Macrophage	1786	1787	1.55526938910008
Macrophage	1787	1788	3.7408336670277
Macrophage	1788	1789	1.97237030877622
Macrophage	1789	1790	2.51169705810591
Macrophage	2053	2054	1.09971350011186
Macrophage	2054	2055	1.01915477462922
Macrophage	2055	2056	0.621369100908428
Macrophage	2056	2057	0.959004092608259
Macrophage	2057	2058	0.311929958394357
Macrophage	2064	2065	1.13124632873323
Macrophage	2065	2066	0.56904390758378
Macrophage	2083	2084	1.67771207096689
Macrophage	2084	2085	0.78785783996262
Macrophage	2085	2086	1.08131626001739
Macrophage	2086	2087	3.40171538219174
Macrophage	2087	2088	2.51012625224071
Macrophage	2088	2089	2.35418891700167
Macrophage	2089	2090	3.75642865529821
Macrophage	2090	2091	2.8069221987123
Macrophage	2091	2092	3.31232270125258
Macrophage	2092	2093	1.37577479566105
Macrophage	2093	2094	2.34885756621638
Macrophage	2094	2095	3.50515397590487
Macrophage	2095	2096	0.552692270395743
Macrophage	2096	2097	2.63184458006158
Macrophage	2097	2098	3.43975443073941
Macrophage	2098	2099	1.37544326988424
Macrophage	2099	2100	3.56711945469275
Macrophage	2100	2101	3.37346187740447
Macrophage	2101	2102	1.43759740182512
Macrophage	2102	2103	1.4101720151282
Macrophage	2103	2104	0.354964699758822
Macrophage	2104	2105	3.44758978200856
Macrophage	2105	2106	3.72411803591981
Macrophage	2106	2107	1.27206639517674
Macrophage	2107	2108	0.457177565392994
Macrophage	2108	2109	3.04728172267365
Macrophage	2109	2110	0.536759028527034
Macrophage	2110	2111	0.641049666340512
Macrophage	2111	2112	3.06753207075935
Macrophage	2112	2113	3.15277978409044
Macrophage	2113	2114	2.15122920443652
Macrophage	2114	2115	3.22893924153116
Macrophage	2115	2116	0.424076380924291
Macrophage	2116	2117	2.71853738336716
Macrophage	2117	2118	0.61025536814582
Macrophage	2118	2119	0.988285782587271
Macrophage	2119	2120	3.68743857231178
Macrophage	2120	2121	1.22609565110309
Macrophage	2121	2122	1.9855951031528
Macrophage	2122	2123	2.81436533036688
Macrophage	2123	2124	1.8353281191863
Macrophage	2124	2125	2.38235931840376
Macrophage	2125	2126	1.36103604330487
Macrophage	2126	2127	2.89352327802879
Macrophage	2127	2128	2.99466980241768
Macrophage	2128	2129	2.69895102966355
Macrophage	2129	2130	2.87524515811765
Macrophage	2130	2131	2.77650364306929
Macrophage	2131	2132	2.33192180869857
Macrophage	2132	2133	2.56196116648189
Macrophage	2133	2134	1.09513111271492
Macrophage	2134	2135	3.69385990383775
Macrophage	2135	2136	0.743086344989574
Macrophage	2136	2137	1.83556961857798
Macrophage	2137	2138	1.57107242049296
Macrophage	2138	2139	1.77430139231587
Macrophage	2139	2140	2.23956666872002
Macrophage	2140	2141	2.04598796715811
Macrophage	2141	2142	1.73329834694196
Macrophage	2142	2143	0.71127766871561
Macrophage	2143	2144	0.743867581093197
Macrophage	2144	2145	0.509708126842545
Macrophage	2145	2146	3.13034349870438
Macrophage	2146	2147	2.48120578226371
Macrophage	2147	2148	0.497787832602031
Macrophage	2148	2149	1.12124756103307
Macrophage	2149	2150	2.90948283639484
Macrophage	2150	2151	1.76450982678068
Macrophage	2151	2152	0.557369716946861
Macrophage	2152	2153	2.07556938144766
Macrophage	2153	2154	1.24408128181949
Macrophage	2154	2155	1.26252666558757
Macrophage	2155	2156	0.301659145106406
Macrophage	2156	2157	3.20237511239232
Macrophage	2157	2158	2.98595692023712
Macrophage	2158	2159	0.831098943142834
Macrophage	2159	2160	1.1219918671584
Macrophage	2160	2161	0.393171427167526
Macrophage	2161	2162	0.463562275963095
Macrophage	2162	2163	1.27137364589569
Macrophage	2163	2164	2.18294113722794
Macrophage	2164	2165	0.441832752279039
Macrophage	2165	2166	1.85244381571378
Macrophage	2166	2167	1.55592799576251
Macrophage	2167	2168	3.06502027221408
Macrophage	2168	2169	1.96491204646315
Macrophage	2169	2170	3.55573671287402
Macrophage	2170	2171	0.783149722254259
Macrophage	2171	2172	3.07885823447503
Macrophage	2172	2173	2.45973648599715
Macrophage	2173	2174	0.615564934180611
Macrophage	2174	2175	3.00957926957862
Macrophage	2175	2176	1.63240560226016
Macrophage	2176	2177	1.7760484292949
Macrophage	2177	2178	0.639946083438491
Macrophage	2178	2179	1.02199270470377
Macrophage	2179	2180	0.421500121234207
Macrophage	2180	2181	0.414620011583309
Macrophage	2181	2182	1.66676854646384
Macrophage	2182	2183	0.495597034312846
Macrophage	2183	2184	0.428150124563428
Macrophage	2184	2185	1.56302300265303
Macrophage	2185	2186	4.17991685112366
Macrophage	2186	2187	0.610755137362803
Macrophage	2187	2188	1.41746071820271
Macrophage	2188	2189	2.43177927749823
Macrophage	2189	2190	2.19132050114527
Macrophage	2190	2191	0.81902378978446
Macrophage	2191	2192	0.343318622663378
Macrophage	2192	2193	0.969157989352537
Macrophage	2193	2194	1.92295167949941
Macrophage	2194	2195	2.41099222515826
Macrophage	2195	2196	2.11088905982652
Macrophage	2196	2197	2.99377738714041
Macrophage	2197	2198	3.445646828169
Macrophage	2198	2199	1.07527546546663
Macrophage	2199	2200	3.41380785857247
Macrophage	2200	2201	1.31758404386402
Macrophage	2201	2202	0.812251927955629
Macrophage	2202	2203	2.72143260803406
Macrophage	2203	2204	1.28422711848185
Macrophage	2204	2205	3.27540037183783
Macrophage	2205	2206	2.71580781008264
Macrophage	2206	2207	2.60625831388368
Macrophage	2207	2208	1.48213279274512
Macrophage	2208	2209	1.80521862260206
Macrophage	2209	2210	1.78250427810063
Macrophage	2210	2211	3.29570847981851
Macrophage	2448	2449	3.50475367538307
Macrophage	2449	2450	2.42135679677191
Macrophage	2450	2451	1.80279657920629
Macrophage	2451	2452	1.62082590304585
Macrophage	2452	2453	2.75398431747768
Macrophage	2453	2454	0.325433084549166
Macrophage	2454	2455	0.432646063239965
Macrophage	2455	2456	0.718745006135902
Macrophage	2456	2457	1.30214380912354
Macrophage	2457	2458	2.81581619823161
Macrophage	2458	2459	2.74568812030281
Macrophage	2459	2460	2.4852224494514
Macrophage	2460	2461	2.1898196568196
Macrophage	2461	2462	1.10077696521289
Macrophage	2462	2463	2.86287325675224
Macrophage	2463	2464	1.77674019228787
Macrophage	2464	2465	0.401161898796794
Macrophage	2465	2466	0.70136393183979
Macrophage	2466	2467	2.35827606568741
Macrophage	2467	2468	1.73100053127116
Macrophage	2468	2469	3.12482501033805
Macrophage	2469	2470	0.503054924158071
Macrophage	2470	2471	2.05207096463958
Macrophage	2471	2472	2.60130191425938
Macrophage	2472	2473	2.01488135418254
Macrophage	2473	2474	2.76217253245489
Macrophage	2474	2475	1.80748659635128
Macrophage	2475	2476	3.23319426230277
Macrophage	2476	2477	0.469142737983014
Macrophage	2477	2478	0.77290282062709
Macrophage	2478	2479	1.42829548892372
Macrophage	2479	2480	2.30826349482254
Macrophage	2480	2481	3.58287891112643
Macrophage	2481	2482	0.985435819221398
Macrophage	2482	2483	1.43401269750737
Macrophage	2483	2484	1.63976806146651
Macrophage	2484	2485	3.71229153010097
Macrophage	2485	2486	2.81378401013117
Macrophage	2486	2487	2.32699762118131
Macrophage	2487	2488	1.02153748350689
Macrophage	2488	2489	2.83484118654514
Macrophage	2489	2490	1.90065948485082
Macrophage	2490	2491	0.496627022709366
Macrophage	2491	2492	3.15618865996839
Macrophage	2492	2493	1.08402787564548
Macrophage	2493	2494	3.17259478342828
Macrophage	2494	2495	2.12659986113844
Macrophage	2495	2496	4.15442223020347
Macrophage	2496	2497	3.50675884732915
Macrophage	2497	2498	3.74941164119281
Macrophage	2498	2499	2.80144233814786
Macrophage	2499	2500	3.26146805290469
Macrophage	2500	2501	4.2541400316671
Macrophage	2501	2502	1.13281308475389
Macrophage	2502	2503	1.67189958962683
Macrophage	2503	2504	0.459787297808279
Macrophage	2504	2505	1.51132588365314
Macrophage	2505	2506	1.90834783243367
Macrophage	2506	2507	4.17182377598081
Macrophage	2507	2508	3.34870408027342
Macrophage	2508	2509	1.75323859068789
Macrophage	2509	2510	2.85900279366622
Macrophage	2510	2511	2.47223745575521
Macrophage	2511	2512	4.14177603053034
Macrophage	2512	2513	1.92829053805033
Macrophage	2513	2514	0.803252943229397
Macrophage	2514	2515	0.320706046186103
Macrophage	2515	2516	2.89586223751346
Macrophage	2516	2517	0.645288048714296
Macrophage	2517	2518	2.25393558389386
Macrophage	2518	2519	3.08480556905307
Macrophage	2519	2520	1.42646563457016
Macrophage	2520	2521	3.44224930436112
Macrophage	2521	2522	1.48790012169106
Macrophage	2522	2523	2.21997685986256
Macrophage	2523	2524	1.43075188788115
Macrophage	2524	2525	2.77149564960819
Macrophage	2525	2526	3.11560558397911
Macrophage	2526	2527	0.5882136503911
Macrophage	2527	2528	2.32470602084079
Macrophage	2528	2529	3.75615924321976
Macrophage	2529	2530	1.59617664928655
Macrophage	2530	2531	2.72219393572638
Macrophage	2531	2532	1.59061357972945
Macrophage	2532	2533	1.80112610604941
Macrophage	2533	2534	1.0143133186067
Macrophage	2534	2535	1.23783212486325
Macrophage	2535	2536	2.83674843046991
Macrophage	2536	2537	1.03136477005983
Macrophage	2537	2538	5.02284673584572
Macrophage	2538	2539	0.537571796117858
Macrophage	2539	2540	0.455124022475122
Macrophage	2540	2541	2.44679848028235
Macrophage	2541	2542	0.355525840134516
Macrophage	2542	2543	1.25769549273298
Macrophage	2543	2544	0.723495707255501
Macrophage	2544	2545	0.91599083683517
Macrophage	2545	2546	1.33082344211933
Macrophage	2546	2547	0.543075494799142
Macrophage	2547	2548	0.853130570706705
Macrophage	2548	2549	2.76705007992905
Macrophage	2549	2550	1.87468475626089
Macrophage	2550	2551	1.45408636970145
Macrophage	2551	2552	3.65794538384168
Macrophage	2552	2553	2.39937385635748
Macrophage	2553	2554	2.89258719662145
Macrophage	2554	2555	4.39624654444838
Macrophage	2555	2556	0.768348818024934
Macrophage	2556	2557	0.665859899968816
Macrophage	2557	2558	1.79740672022797
Macrophage	2558	2559	0.452297030797285
Macrophage	2559	2560	0.844186198641133
Macrophage	2560	2561	0.82306320555048
Macrophage	2561	2562	0.553241146231703
Macrophage	3073	3074	2.38469468100042
Macrophage	3074	3075	3.71770646261731
Macrophage	3075	3076	2.2847649286541
Macrophage	3076	3077	0.977353009868455
Macrophage	3077	3078	2.77727398869803
Macrophage	3078	3079	1.62672629548715
Macrophage	3079	3080	2.50986480793593
Macrophage	3080	3081	1.86429309203433
Macrophage	3081	3082	1.56798816322397
Macrophage	3082	3083	4.47253214478901
Macrophage	3083	3084	2.72758649628067
Macrophage	3084	3085	2.45377463680702
Macrophage	3085	3086	1.16319435328213
Macrophage	3086	3087	2.99916669968109
Macrophage	3087	3088	3.64836430605796
Macrophage	3088	3089	3.05419272070415
Macrophage	3089	3090	4.93090448148696
Macrophage	3090	3091	1.61832886427913
Macrophage	3091	3092	2.47876897159879
Macrophage	3092	3093	3.89535332161798
Macrophage	3093	3094	2.65394873099456
Macrophage	3094	3095	2.99493331608544
Macrophage	3095	3096	2.27388255414357
Macrophage	3096	3097	1.67912464689461
Macrophage	3097	3098	2.69591658409078
Macrophage	3098	3099	1.81427646111346
Macrophage	3099	3100	1.15585938107652
Macrophage	3100	3101	1.43663059228159
Macrophage	3101	3102	4.64634402853421
Macrophage	3102	3103	1.37793421374522
Macrophage	3103	3104	2.15169543604921
Macrophage	3104	3105	3.88120915161783
Macrophage	3105	3106	4.0749715906252
Macrophage	3106	3107	3.96342617024223
Macrophage	3107	3108	0.639353472065664
Macrophage	3108	3109	2.19512954561053
Macrophage	3109	3110	2.62365377971878
Macrophage	3110	3111	1.81910817489849
Macrophage	3111	3112	0.548202438126057
Macrophage	3112	3113	1.92672435486258
Macrophage	3113	3114	1.00209746436851
Macrophage	3114	3115	3.78142095090141
Macrophage	3115	3116	0.566313119133459
Macrophage	3116	3117	0.660228754658487
Macrophage	3117	3118	1.46612343009837
Macrophage	3118	3119	0.755077843831606
Macrophage	3119	3120	0.703144980095154
Macrophage	3120	3121	2.91245374662528
Macrophage	3121	3122	2.65733242622409
Macrophage	3122	3123	1.97670334482511
Macrophage	3123	3124	2.07527025117268
Macrophage	3124	3125	3.46915426714832
Macrophage	3125	3126	0.602858705274012
Macrophage	3126	3127	1.10572927855811
Macrophage	3127	3128	2.56129840424306
Macrophage	3128	3129	1.57666088543455
Macrophage	3129	3130	1.08897270524384
Macrophage	3130	3131	1.33400717722993
Macrophage	3131	3132	2.36280216807443
Macrophage	3132	3133	0.677664953897235
Macrophage	3239	3240	4.04809348634304
Macrophage	3240	3241	2.6468981401448
Macrophage	3241	3242	0.754003494557806
Macrophage	3242	3243	3.59127440477175
Macrophage	3243	3244	3.66746413340431
Macrophage	3244	3245	3.62120927426426
Macrophage	3245	3246	3.14799531070782
Macrophage	3246	3247	1.35028964066643
Macrophage	3247	3248	4.23226863076191
Macrophage	3248	3249	4.39459348013382
Macrophage	3249	3250	2.8945287412248
Macrophage	3250	3251	0.347536360161914
Macrophage	3251	3252	3.46108828073463
Macrophage	3252	3253	1.09080698379488
Macrophage	3253	3254	0.693397274346418
Macrophage	3254	3255	0.510878962788832
Macrophage	3255	3256	2.71556066430081
Macrophage	3256	3257	1.80263723149328
Macrophage	3257	3258	2.04738806487155
Macrophage	3258	3259	0.531862357966971
Macrophage	3259	3260	2.30777240558774
Macrophage	3260	3261	1.02679926404938
Macrophage	3261	3262	0.460865640328204
Macrophage	3262	3263	2.06316332062502
Macrophage	3263	3264	2.23177548657105
Macrophage	3264	3265	3.20366925075265
Macrophage	3265	3266	0.590107162172579
Macrophage	3266	3267	0.424240742543804
Macrophage	3267	3268	2.66631673970834
Macrophage	3268	3269	0.479409034902977
Macrophage	3269	3270	2.19030757389225
Macrophage	3270	3271	2.15549143551604
Macrophage	3271	3272	3.19723172307981
Macrophage	3272	3273	2.07125975698358
Macrophage	3273	3274	3.02277970530434
Macrophage	3274	3275	2.24215267949697
Macrophage	3275	3276	3.27168833110102
Macrophage	3276	3277	1.88559630231214
Macrophage	3277	3278	2.23306093397242
Macrophage	3278	3279	4.55744549173979
Macrophage	3279	3280	0.375191276790947
Macrophage	3280	3281	1.77964077954671
Macrophage	3281	3282	3.02264513175953
Macrophage	3282	3283	0.937519557467915
Macrophage	3283	3284	3.46335337994883
Macrophage	3284	3285	3.40292880746517
Macrophage	3285	3286	1.13816651157964
Macrophage	3286	3287	3.88760976557428
Macrophage	3287	3288	5.19814902620133
Macrophage	3288	3289	0.523204860389558
Macrophage	3289	3290	0.757236189516839
Macrophage	3290	3291	1.11735774384135
Macrophage	3291	3292	0.471757771314233
Macrophage	3292	3293	0.774223387168404
Macrophage	3293	3294	0.486785272226649
Macrophage	3294	3295	2.54656987976885
Macrophage	3295	3296	0.503857412557031
Macrophage	3296	3297	3.92895876252763
Macrophage	3297	3298	0.543847357941615
Macrophage	3298	3299	0.490438157509909
Macrophage	3299	3300	2.16048375705921
Macrophage	3300	3301	3.33310724358906
Macrophage	3301	3302	3.80293248834377
Macrophage	3302	3303	4.52881146761436
Macrophage	3303	3304	1.34549899220371
Macrophage	3304	3305	0.465539717439521
Macrophage	3305	3306	0.528495879221618
Macrophage	3306	3307	2.61133071338101
Macrophage	3307	3308	0.609986610706437
Macrophage	3308	3309	0.610082567489356
Macrophage	3309	3310	0.505496358303653
Macrophage	3310	3311	0.48086600023689
Macrophage	3311	3312	1.04237952470447
Macrophage	3312	3313	1.32243457096493
Macrophage	3313	3314	2.68393268459487
Macrophage	3314	3315	0.8778321684696
Macrophage	3315	3316	3.00173715267589
Macrophage	3316	3317	2.20852004054366
Macrophage	3317	3318	1.94375813805165
Macrophage	3318	3319	1.27054347247737
Macrophage	3319	3320	1.77487760908237
Macrophage	3320	3321	2.07536163987238
Macrophage	3321	3322	2.15383990360055
Macrophage	3322	3323	1.22400136075664
Macrophage	3323	3324	1.41667157669572
Macrophage	3324	3325	0.746717671474458
Macrophage	3325	3326	0.850510714556529
Macrophage	3326	3327	2.99449811570996
Macrophage	3327	3328	0.924208237828924
Macrophage	3328	3329	1.5730164873976
Macrophage	3329	3330	4.68320845803339
Macrophage	3330	3331	3.10060598679271
Macrophage	3331	3332	3.20970553835426
Macrophage	3332	3333	2.70697234675692
Macrophage	3333	3334	3.11706429636896
Macrophage	3334	3335	2.11059305428006
Macrophage	3335	3336	2.07227055477461
Macrophage	3336	3337	2.34293638851761
Macrophage	3337	3338	1.90265858965442
Macrophage	3338	3339	4.1532794281146
Macrophage	3339	3340	3.87112802126082
Macrophage	3340	3341	0.890593448703173
Macrophage	3341	3342	1.65370118056824
Macrophage	3342	3343	2.12183737787235
Macrophage	3343	3344	1.35045605555281
Macrophage	3344	3345	1.60414697912043
Macrophage	3345	3346	0.538788249831249
Macrophage	3346	3347	2.06522247083326
Macrophage	3347	3348	0.718098548895305
Macrophage	3348	3349	1.30630774593166
Macrophage	3349	3350	3.43440578091285
Macrophage	3350	3351	1.86948596768896
Macrophage	3351	3352	3.14382476697503
Macrophage	3352	3353	0.676094392177226
Macrophage	3353	3354	1.27391790977407
Macrophage	3354	3355	1.28714643254848
Macrophage	3355	3356	3.17697957041613
Macrophage	3356	3357	1.40456898136337
Macrophage	3357	3358	0.78606501472565
Macrophage	3358	3359	1.12166609918756
Macrophage	3359	3360	2.64758628534326
Macrophage	3360	3361	0.736216674760138
Macrophage	3740	3741	3.51648291641668
Macrophage	3741	3742	4.02267555840272
Macrophage	3742	3743	2.18469398688035
Macrophage	3743	3744	2.46166386013941
Macrophage	3744	3745	0.60638211879062
Macrophage	3745	3746	2.72828742988867
Macrophage	3746	3747	1.45591183197954
Macrophage	3747	3748	1.15997732457078
Macrophage	3748	3749	2.93015302191896
Macrophage	3749	3750	3.96163831241581
Macrophage	3750	3751	2.33806731143045
Macrophage	3751	3752	3.05236569020437
Macrophage	3752	3753	2.15326398838548
Macrophage	3753	3754	3.22589279027916
Macrophage	3754	3755	1.04971535062475
Macrophage	3755	3756	1.3760696399741
Macrophage	3756	3757	1.32193003285094
Macrophage	3757	3758	2.18566874869013
Macrophage	3758	3759	0.570411111409849
Macrophage	3759	3760	1.62982564725294
Macrophage	3760	3761	0.451093409882625
Macrophage	3761	3762	1.56365180899226
Macrophage	3762	3763	2.28342900037636
Macrophage	3763	3764	3.94245784234145
Macrophage	3764	3765	1.39778992739463
Macrophage	3765	3766	1.37765692841824
Macrophage	3766	3767	2.15840017284075
Macrophage	3767	3768	1.93058667912696
Macrophage	3768	3769	3.47218457239757
Macrophage	3769	3770	0.518749273511728
Macrophage	3770	3771	0.814067965888296
Macrophage	3771	3772	0.683343421962872
Macrophage	3772	3773	1.95082416385774
Macrophage	3773	3774	1.39836980802898
Macrophage	3774	3775	0.471440589457485
Macrophage	3775	3776	0.647689573961359
Macrophage	3776	3777	1.09744698139457
Macrophage	3777	3778	1.61511533321692
Macrophage	3778	3779	1.81548135419864
Macrophage	3779	3780	2.298065836258
Macrophage	3780	3781	1.40557482119902
Macrophage	3781	3782	1.73775586358064
Macrophage	3782	3783	2.60055113678425
Macrophage	3783	3784	1.39429742384286
Macrophage	3784	3785	0.95966616462541
Macrophage	3785	3786	2.28425228445576
Macrophage	3786	3787	0.973980176704916
Macrophage	3787	3788	0.459787297808279
Macrophage	3946	3947	0.777386739990294
Macrophage	3947	3948	2.29013439045741
Macrophage	3948	3949	0.554941889475735
Macrophage	3949	3950	1.58947402376149
Macrophage	3950	3951	2.66196789302857
Macrophage	3951	3952	1.70152379705483
Macrophage	3952	3953	0.925401617978617
Macrophage	3953	3954	1.52178185937186
Macrophage	3954	3955	1.57933105440429
Macrophage	3955	3956	1.562113902423
Macrophage	3956	3957	1.80240376863942
Macrophage	3957	3958	3.91641706153793
Macrophage	3958	3959	1.73416197744472
Macrophage	3959	3960	0.441159194163151
Macrophage	3960	3961	0.41319502555272
Macrophage	3961	3962	1.83232950758735
Macrophage	3962	3963	1.67145219089765
Macrophage	3963	3964	1.60256153235253
Macrophage	3964	3965	0.669096089933947
Macrophage	3965	3966	0.797253938211833
Macrophage	3966	3967	2.23582745870222
Macrophage	3967	3968	3.3433947922312
Macrophage	3968	3969	0.792427360314411
Macrophage	3969	3970	1.70482991525529
Macrophage	3970	3971	0.537660614173419
Macrophage	3971	3972	0.332720650228702
Macrophage	3972	3973	1.78745698347285
Macrophage	3973	3974	1.10437869863875
Macrophage	3974	3975	1.74538954177025
Macrophage	3975	3976	0.582397952282272
Macrophage	3976	3977	2.74293696799547
Macrophage	3977	3978	0.303652846806809
Macrophage	3978	3979	1.58698162875968
Macrophage	3979	3980	0.821454295004384
Macrophage	3980	3981	1.09036963610272
Macrophage	3981	3982	1.30395657230705
Macrophage	3982	3983	0.910628371342096
Macrophage	3983	3984	3.88522233603059
Macrophage	3984	3985	0.830149257486786
Macrophage	3985	3986	1.91603494619077
Macrophage	3986	3987	0.52100202852192
Macrophage	4366	4367	1.95588469161357
Macrophage	4367	4368	2.36613919175328
Macrophage	4368	4369	2.82685826703344
Macrophage	4369	4370	1.29591286174327
Macrophage	4370	4371	4.51177154165728
Macrophage	4371	4372	3.27024738137014
Macrophage	4372	4373	2.19238002166817
Macrophage	4373	4374	0.822705095085275
Macrophage	4374	4375	2.93761678741058
Macrophage	4375	4376	0.828765373524396
Macrophage	4376	4377	0.392218600660625
Macrophage	4377	4378	2.60288260826428
Macrophage	4378	4379	0.402832547293106
Macrophage	4379	4380	1.71675602163812
Macrophage	4380	4381	3.75996975700915
Macrophage	4381	4382	1.52327623902295
Macrophage	4382	4383	0.645935290956885
Macrophage	4383	4384	1.44246998762624
Macrophage	4384	4385	2.33658009824673
Macrophage	4385	4386	1.63222164817016
Macrophage	4386	4387	2.74110706718292
Macrophage	4387	4388	0.372912283522855
Macrophage	4388	4389	0.638508849956374
Macrophage	4389	4390	1.02473330981504
Macrophage	4390	4391	0.895835090483071
Macrophage	4391	4392	1.09799045334559
Macrophage	4392	4393	1.65467834862139
Macrophage	4393	4394	1.34549899220371
Macrophage	4394	4395	2.430335559513
Macrophage	4395	4396	2.57879590432367
Macrophage	4396	4397	0.804935614061693
Macrophage	4397	4398	2.50326173965551
Macrophage	4398	4399	1.99572679699733
Macrophage	4399	4400	2.23497520927851
Macrophage	4400	4401	2.74048539119044
Macrophage	4401	4402	3.25308390880292
Macrophage	4402	4403	2.13379855151477
Macrophage	4403	4404	0.651052220973793
Macrophage	4404	4405	0.354913775739748
Macrophage	4405	4406	0.684705395675737
Macrophage	4406	4407	2.16996207632236
Macrophage	4407	4408	3.09160131419545
Macrophage	4408	4409	2.12620343251138
Macrophage	4517	4518	0.738682025460649
Macrophage	4518	4519	1.72301717849412
Macrophage	4519	4520	1.41829832452278
Macrophage	4520	4521	1.13908023822096
Macrophage	4521	4522	2.78343635018663
Macrophage	4522	4523	2.12012107292604
Macrophage	4523	4524	1.43423178313884
Macrophage	4524	4525	2.15488916648257
Macrophage	4525	4526	0.416705802201617
Macrophage	4526	4527	0.814909029079535
Macrophage	4527	4528	2.55694583022842
Macrophage	4528	4529	0.914957807705891
Macrophage	4529	4530	2.91658033077851
Macrophage	4530	4531	1.7572755371886
Macrophage	4531	4532	1.5584407378917
Macrophage	4532	4533	1.96479077199505
Macrophage	4533	4534	3.10012043535249
Macrophage	4534	4535	2.41869790801608
Macrophage	4535	4536	2.70039931506374
Macrophage	4536	4537	2.89115126401224
Macrophage	4537	4538	3.29413907272723
Macrophage	4538	4539	1.8177459768582
Macrophage	4539	4540	2.16721796495181
Macrophage	4540	4541	1.5434113505944
Macrophage	4541	4542	0.733590212890677
Macrophage	4542	4543	2.07497246629915
Macrophage	4543	4544	1.36645229395745
Macrophage	4544	4545	1.39196479500158
Macrophage	4545	4546	0.377729500556505
Macrophage	4546	4547	2.12115871258025
Macrophage	4547	4548	1.03293527114791
Macrophage	4548	4549	1.81433379126659
Macrophage	4549	4550	1.08779709488248
Macrophage	4550	4551	1.85813814903404
Macrophage	4551	4552	0.797153451185296
Macrophage	4552	4553	2.07551397826316
Macrophage	4553	4554	4.52694562076538
Macrophage	4554	4555	2.56872380795629
Macrophage	4555	4556	2.27018415979483
Macrophage	4556	4557	0.863386811341689
Macrophage	4557	4558	1.7176202401453
Macrophage	4558	4559	3.5462027762734
Macrophage	4559	4560	0.380742375977971
Macrophage	4560	4561	3.54969832894729
Macrophage	4561	4562	2.79908411944243
Macrophage	4562	4563	2.08211000188756
Macrophage	4563	4564	2.14983215511526
Macrophage	4564	4565	2.12180504718581
Macrophage	4565	4566	0.974827455157447
Macrophage	4955	4956	2.73402660309247
Macrophage	4956	4957	1.30788056530046
Macrophage	4957	4958	1.75640286678226
Macrophage	4982	4983	3.30656573789085
Macrophage	4983	4984	1.70716594453407
Macrophage	4984	4985	2.65181219275558
Macrophage	4985	4986	1.63731731800512
Macrophage	5049	5050	0.383238472981493
DC	0	1	1.41908165706639
DC	5	6	3.05281409475744
DC	6	7	1.41623798386409
DC	7	8	2.54074104964204
DC	8	9	3.54302286315984
DC	9	10	2.19923113167264
DC	10	11	0.406618424018879
DC	11	12	2.23710752306455
DC	12	13	2.02753935358123
DC	13	14	0.785772459407936
DC	14	15	3.56965639215483
DC	15	16	0.658268739940538
DC	16	17	0.84676488235993
DC	17	18	2.80159490689341
DC	18	19	3.45499097955018
DC	19	20	1.08727549443151
DC	20	21	1.36666997626605
DC	21	22	1.70735070383173
DC	22	23	4.19785864726506
DC	23	24	0.819567849711764
DC	24	25	2.09651480349671
DC	25	26	0.382867142121916
DC	26	27	0.753646089035713
DC	27	28	1.19670712427772
DC	28	29	2.06117372567522
DC	29	30	1.39521017386394
DC	30	31	3.15661154073192
DC	31	32	1.18127492606694
DC	32	33	0.408082120170466
DC	33	34	0.70859742906435
DC	34	35	1.36666997626605
DC	35	36	1.09440781245887
DC	36	37	0.741241361258363
DC	37	38	1.65225633074536
DC	38	39	0.721261534368832
DC	39	40	0.350291088465312
DC	40	41	1.33467694627456
DC	41	42	0.592555023568213
DC	42	43	2.43274465076009
DC	43	44	2.21801256543108
DC	44	45	0.304687753371463
DC	45	46	2.78581226358333
DC	46	47	1.6589651425476
DC	143	144	0.540863217720527
DC	144	145	1.7783447597553
DC	145	146	2.96121556127679
DC	146	147	1.85531989622198
DC	147	148	4.54056317493889
DC	148	149	2.6624447260997
DC	149	150	0.457645943051637
DC	150	151	1.87733710273523
DC	151	152	3.672850743592
DC	152	153	1.26778505975402
DC	153	154	3.2794570474694
DC	154	155	1.52453983308827
DC	155	156	0.541373258072587
DC	156	157	0.902622017137063
DC	157	158	0.75201250828066
DC	158	159	3.88976110627496
DC	159	160	2.18572671995809
DC	160	161	3.72454866892631
DC	161	162	1.57133609179232
DC	162	163	0.768390152439982
DC	163	164	0.600768547384343
DC	164	165	0.459164208630679
DC	255	256	3.30055753613633
DC	256	257	2.56561034099018
DC	257	258	3.32492377167158
DC	258	259	3.72555989188811
DC	259	260	0.625059471661067
DC	260	261	0.640136806957382
DC	261	262	1.56136968054505
DC	262	263	3.78379660954679
DC	263	264	2.6487338762171
DC	264	265	3.15642921927957
DC	265	266	3.45431340208924
DC	266	267	0.926767331481498
DC	267	268	0.585061939890817
DC	268	269	0.755257213790087
DC	269	270	2.81465352658199
DC	270	271	2.74166452732006
DC	271	272	1.9960826473656
DC	272	273	1.16246376065464
DC	273	274	1.58242159937059
DC	274	275	4.09422794134615
DC	275	276	1.24349560863238
DC	276	277	0.393108803109737
DC	277	278	1.31600948404142
DC	278	279	2.23012745468434
DC	279	280	0.56305520004957
DC	280	281	1.04187464808614
DC	281	282	3.7210402927358
DC	282	283	1.27964975003172
DC	283	284	0.579171808870151
DC	284	285	0.694499920063304
DC	285	286	1.26007267977646
DC	286	287	0.61037062465461
DC	287	288	1.43386668376264
DC	288	289	1.61754022780903
DC	289	290	0.792427360314411
DC	290	291	0.874519000499439
DC	291	292	0.872689811206954
DC	292	293	1.72629450759937
DC	293	294	4.11404369689888
DC	294	295	3.07389914458519
DC	295	296	0.733168421896621
DC	296	297	0.361673324441962
DC	297	298	2.39253377505032
DC	298	299	1.25583692793423
DC	299	300	2.16475634172882
DC	300	301	0.791172611222276
DC	301	302	2.25200101605267
DC	302	303	3.02766676881258
DC	303	304	1.15720349761126
DC	304	305	0.844009839720242
DC	305	306	3.45695808343876
DC	306	307	2.72844585791498
DC	307	308	0.479338764754985
DC	308	309	1.39658189511706
DC	309	310	1.35916991262341
DC	310	311	3.95809666668559
DC	311	312	1.57591686680667
DC	312	313	0.460455264377041
DC	313	314	1.58185860256351
DC	314	315	1.08580060061763
DC	315	316	1.11808481749201
DC	316	317	2.10843080124406
DC	317	318	1.7269567123907
DC	318	319	2.73741941803766
DC	319	320	3.33869436221887
DC	320	321	1.15712873351158
DC	321	322	1.13025179164304
DC	322	323	0.408690917357047
DC	323	324	4.17169416833659
DC	324	325	2.70231736061868
DC	325	326	1.14654657304492
DC	326	327	2.67256732729802
DC	327	328	1.44063581485903
DC	328	329	2.55828304922735
DC	329	330	1.58727447248937
DC	330	331	0.633572149223409
DC	331	332	1.32062028792711
DC	332	333	0.854214314472102
DC	333	334	2.40037167541575
DC	334	335	0.613538443245635
DC	335	336	1.87359539281507
DC	336	337	1.22876759447742
DC	337	338	0.311117932952534
DC	338	339	1.0838013384724
DC	339	340	2.73059795156404
DC	340	341	0.632412284491334
DC	341	342	4.47156655427497
DC	342	343	0.467779399158517
DC	343	344	0.345619465249681
DC	344	345	0.631504035294113
DC	345	346	2.62372470690997
DC	346	347	2.56620566224369
DC	347	348	2.21554489299212
DC	348	349	0.33699878135534
DC	349	350	1.12050434290577
DC	350	351	1.67586584484553
DC	351	352	0.547986835444642
DC	352	353	0.699966249791984
DC	353	354	1.89633651141547
DC	354	355	0.502951567335085
DC	355	356	1.74593613358098
DC	356	357	3.11826672469569
DC	357	358	1.35806735983451
DC	358	359	0.926229738618106
DC	359	360	0.681359224807903
DC	360	361	0.459357397164227
DC	361	362	3.22318667408283
DC	362	363	2.36317574491912
DC	363	364	0.487438691067837
DC	364	365	1.64407838502668
DC	365	366	0.293489442770886
DC	997	998	4.24656158265408
DC	1002	1003	1.57681317485114
DC	1003	1004	2.02280871654749
DC	1004	1005	1.88263920350131
DC	1005	1006	1.27862025588125
DC	1006	1007	0.582432842808156
DC	1007	1008	0.804890038833129
DC	1072	1073	2.79723221799419
DC	1073	1074	0.718206207558858
DC	1074	1075	2.48373870626614
DC	1075	1076	0.768255832640487
DC	1076	1077	3.99710310431588
DC	1077	1078	1.91221097180492
DC	1078	1079	1.12968435118991
DC	1079	1080	1.03545892159726
DC	1080	1081	0.291687452106347
DC	1081	1082	1.98028341848604
DC	1082	1083	3.03610911883037
DC	1094	1095	1.89046574338992
DC	1095	1096	2.02182908665141
DC	1096	1097	1.06172088571909
DC	1097	1098	2.49005561298419
DC	1098	1099	2.8370305237597
DC	1099	1100	2.08388755344953
DC	1100	1101	0.533955944620435
DC	1101	1102	2.73308180189787
DC	1102	1103	1.18680869648871
DC	1103	1104	0.642626953128611
DC	1104	1105	1.03974223688989
DC	1105	1106	3.3331692955853
DC	1106	1107	1.43040901269417
DC	1107	1108	1.41399611329836
DC	1108	1109	0.704745642049219
DC	1109	1110	2.17755756942965
DC	1110	1111	2.47802734828451
DC	1111	1112	3.22059064741258
DC	1112	1113	2.91398182078879
DC	1113	1114	2.27790134600073
DC	1114	1115	3.76804225108883
DC	1115	1116	1.03926965734575
DC	1116	1117	0.714617864956822
DC	1117	1118	2.92832729930036
DC	1118	1119	0.55431073570573
DC	1119	1120	1.13531555835948
DC	1120	1121	3.87928904584594
DC	1121	1122	0.893312625009868
DC	1122	1123	1.63927720014302
DC	1123	1124	2.78670488046608
DC	1124	1125	0.291473394117018
DC	1125	1126	2.431695199886
DC	1126	1127	0.723359063894313
DC	1127	1128	2.65394873099456
DC	1128	1129	0.857743700529661
DC	1129	1130	1.04703751972518
DC	1130	1131	0.454303650533497
DC	1131	1132	1.6629260036735
DC	1132	1133	1.17763482628248
DC	1133	1134	2.52100169601755
DC	1134	1135	1.5953481554608
DC	1135	1136	0.625685677992237
DC	1136	1137	1.71521766563259
DC	1137	1138	1.67707907982255
DC	1138	1139	2.13219588460124
DC	1139	1140	2.95073077222005
DC	1140	1141	2.90247121971811
DC	1141	1142	0.661383361635823
DC	1142	1143	0.656924013742497
DC	1143	1144	3.45006349039209
DC	1144	1145	3.46265360129231
DC	1145	1146	0.613654982121342
DC	1146	1147	4.01415396507363
DC	1147	1148	0.833225771887154
DC	1148	1149	4.57887652337094
DC	1213	1214	0.367588079397173
DC	1237	1238	0.731430379384801
DC	1238	1239	1.13010987252449
DC	1239	1240	0.410819172327392
DC	1240	1241	0.425633858991785
Mast	0	1	0.570846024988204
Mast	30	31	1.23105191191143
Mast	31	32	1.47850581878633
EC	10	11	0.429925805041421
EC	11	12	2.91352404047583
EC	12	13	0.623770743017599
EC	215	216	0.907398881495902
EC	229	230	1.86832709338615
EC	230	231	0.328126505316628
EC	231	232	3.39582368052538
EC	232	233	0.58803566224447
EC	233	234	1.42294174849676
EC	234	235	0.39856937626671
EC	235	236	1.18546586078629
EC	236	237	0.754063096651859
EC	237	238	1.31334007126305
EC	238	239	1.32557255075219
EC	239	240	0.281589788827376
EC	340	341	0.476683965431251
EC	341	342	1.56399310965288
EC	342	343	0.446789426732631
EC	343	344	2.69495287558256
EC	344	345	0.786520556137654
EC	493	494	0.782988427521739
EC	494	495	0.515237553875302
EC	495	496	2.03283462619696
EC	496	497	2.46782865970212
EC	497	498	0.762566969178094
EC	498	499	2.96785655597551
EC	499	500	1.76931900589112
EC	500	501	0.716112915252836
EC	697	698	0.883955351231219
EC	720	721	2.81188713751575
EC	721	722	2.99413767964763
EC	722	723	0.682228860323119
EC	976	977	2.03312301349711
EC	1110	1111	0.574825080967725
EC	1163	1164	0.434670921577096
EC	1169	1170	2.66610915799736
EC	1170	1171	0.720583243826044
EC	1171	1172	2.92246542054394
EC	1172	1173	1.8116156410013
EC	1328	1329	1.02364658054154
EC	1329	1330	0.326472818447483
EC	1330	1331	3.78982007706479
EC	1331	1332	2.40123528926344
EC	1332	1333	0.361158331908866
EC	1333	1334	0.3728419556337
EC	1334	1335	2.91905690589502
EC	1631	1632	0.759044708518973
EC	1753	1754	3.04072087450608
Fb	0	1	4.09195670907753
Fb	1	2	3.51935711759242
Fb	2	3	1.02222048050594
Fb	3	4	1.64635658115446
Fb	4	5	1.05001716399479
Fb	5	6	0.465959374893176
Fb	6	7	3.31805600441438
Fb	7	8	0.643247270552897
Fb	8	9	1.64868016439133
Fb	9	10	0.876192706605152
Fb	10	11	1.14047800619737
Fb	11	12	0.43887679387484
Fb	12	13	1.11642446443221
Fb	13	14	0.63821377695254
Fb	14	15	0.618788763535739
Fb	15	16	2.90491565111829
Fb	16	17	1.76197472089661
Fb	17	18	0.347548560805311
Fb	18	19	1.1098938142251
Fb	19	20	2.44490195983241
Fb	20	21	2.01230743158379
Fb	21	22	1.34836793813449
Fb	22	23	3.14363600851357
Fb	73	74	1.08060852905686
Fb	74	75	0.644083446104418
Fb	75	76	2.45669144498369
Fb	76	77	1.71104388270402
Fb	77	78	2.16612296826365
Fb	78	79	2.47379662020128
Fb	79	80	2.54871950238601
Fb	80	81	1.13050734527197
Fb	81	82	3.097864232774
Fb	82	83	0.853053271957824
Fb	83	84	1.36944462931847
Fb	84	85	2.15363791162367
Fb	85	86	1.14411058704814
Fb	86	87	1.91860053297912
Fb	87	88	1.91917094823361
Fb	88	89	0.524580772686808
Fb	89	90	0.554247701292071
Fb	90	91	0.291456283145481
Fb	91	92	1.14874880337221
Fb	92	93	0.761957240867484
Fb	93	94	0.929558152174126
Fb	94	95	2.69578416291236
Fb	95	96	3.46800215573398
Fb	96	97	0.719771049272117
Fb	97	98	1.92494927346326
Fb	98	99	0.507225069203743
Fb	99	100	0.528953676291838
Fb	100	101	0.538580163660184
Fb	101	102	0.877134600699997
Fb	102	103	0.796484218315848
Fb	103	104	0.725414385537051
Fb	104	105	1.11902116029932
Fb	105	106	2.75042820835816
Fb	106	107	1.44133325337992
Fb	107	108	0.589605771366682
Fb	108	109	0.481314298142221
Fb	109	110	1.13750627224902
Fb	110	111	0.790316503506941
Fb	111	112	0.83937702689576
Fb	112	113	0.666735081020168
Fb	113	114	0.796818686874253
Fb	114	115	2.8153241126795
Fb	115	116	1.95765872924939
Fb	581	582	0.281008327489729
Fb	593	594	1.08435168030222
Fb	594	595	2.14716784444941
Fb	595	596	0.734407114517141
Fb	596	597	0.453779351402766
Fb	597	598	0.411797136375559
Fb	598	599	0.7629740231961
Fb	599	600	0.35588386385942
Fb	600	601	0.965669377314345
Fb	601	602	1.71574115607351
Fb	602	603	0.902927175180017
Fb	672	673	1.18269613593009
Fb	673	674	3.52685808234616
Fb	674	675	1.98644481861805
Fb	675	676	1.86903323670967
Fb	676	677	0.49051178566681
Fb	719	720	0.724947445201725
Fb	720	721	0.759528509677599
Fb	721	722	0.654473402183546
Fb	722	723	3.03410617006858
Fb	723	724	1.29349425595402
Fb	724	725	2.39668403234021
Fb	725	726	1.67775140648335
Fb	726	727	1.04449390053757
Fb	727	728	0.663339853462754
Fb	728	729	1.26833565852757
Fb	729	730	0.405481775469305
Fb	730	731	0.54298483490968
Fb	731	732	2.88342212216865
Fb	732	733	1.73652950054297
Fb	733	734	2.4283532582596
Fb	734	735	0.81106913018713
Fb	735	736	0.764340979158471
Fb	736	737	1.23277142134787
Fb	737	738	2.22058396199981
Fb	738	739	0.649934621896906
Fb	739	740	0.724673067290727
Fb	740	741	1.63487544900621
Fb	741	742	0.397062040102309
Fb	742	743	0.416864417318563
Fb	743	744	0.352800793715192
Fb	744	745	0.603308546951387
Fb	745	746	0.36246852623649
Fb	746	747	0.376807723861727
Fb	747	748	0.49149565357046
Fb	748	749	0.348343462894287
Fb	749	750	3.13585298177849
Fb	750	751	2.25241099290351
Fb	751	752	2.03283462619696
Fb	752	753	2.80505290599323
Fb	1358	1359	4.06210108278543
Fb	1359	1360	2.20652281151541
Fb	1360	1361	2.06017017302559
Fb	1361	1362	0.87641774644071
Fb	1362	1363	3.52306822095586
Fb	1363	1364	0.503210040740903
Fb	1364	1365	2.79923666372267
Fb	1365	1366	3.05887061100201
Fb	1366	1367	3.12929781860078
Fb	1367	1368	2.72385328745691
Fb	1368	1369	1.58913401752664
Fb	1369	1370	0.644083446104418
Fb	1370	1371	2.01692611048415
Fb	1371	1372	1.19266707458151
Fb	1372	1373	0.354506914483473
Fb	1397	1398	2.38624165964124
Fb	1398	1399	2.46402412774384
Fb	1399	1400	1.49107475397166
Fb	1400	1401	1.61597651064178
Fb	1401	1402	0.822991557126856
Fb	1402	1403	3.04808831856956
Fb	1403	1404	3.03175540141222
Fb	1404	1405	1.04092573521458
Fb	1405	1406	1.83845369408867
Fb	1406	1407	1.11860479462432
Fb	1407	1408	1.4979752937155
Fb	1408	1409	1.23813638387847
Fb	1409	1410	0.492632090793277
Fb	1410	1411	1.23234103822847
Fb	1411	1412	0.481479675361514
Fb	1412	1413	0.809059774870461
Fb	1413	1414	1.09146372764634
Fb	1414	1415	2.07531086704546
Fb	1536	1537	2.23089955007019
Fb	1537	1538	1.24432744980981
Fb	1538	1539	1.82550418820405
Fb	1539	1540	1.94870104824772
Fb	1540	1541	0.330578309932435
Fb	1541	1542	2.05972025867669
Fb	1542	1543	4.28534626616371
Fb	1543	1544	3.73181695969106
Fb	1544	1545	2.7837527697826
Fb	1545	1546	0.404998985243058
Fb	1546	1547	1.53535796286658
Fb	1547	1548	1.99589619764479
Fb	1578	1579	2.79239806885973
Fb	1579	1580	0.707525995796701
Fb	1580	1581	2.65060596979067
Fb	1581	1582	0.883622045003706
Fb	1582	1583	3.79059065985308
Fb	1583	1584	0.829165469897672
Fb	1584	1585	2.56679750214283
Fb	1585	1586	1.29754019086364
Fb	1586	1587	2.25429709197356
Fb	1587	1588	2.19658857291887
Fb	1588	1589	0.884706269639675
Fb	1589	1590	1.03738400499787
Fb	1590	1591	0.523653325509391
Fb	1591	1592	0.922698297773269
Fb	1592	1593	0.611525663065207
Fb	1593	1594	0.605757259446478
Fb	1594	1595	0.439484392978488
Fb	1892	1893	0.575505152622752
Fb	1915	1916	0.406903596271242
Fb	1916	1917	0.372743541656129
Fb	1917	1918	3.95750067525
Fb	1918	1919	0.795082670740779
Fb	1919	1920	0.579171808870151
Fb	1920	1921	0.990887315992626
Fb	1921	1922	2.42306438663563
Fb	1922	1923	0.983493288561568
Fb	1923	1924	3.21079926915805
Fb	1957	1958	4.60445720778683
Fb	1958	1959	3.4822643970327
Fb	1959	1960	1.225982240615
Fb	1960	1961	0.634528189010617
Fb	1961	1962	3.95313846735785
Fb	1962	1963	0.855300981210514
Fb	1963	1964	4.18391041926965
Fb	1964	1965	2.75925632607595
Fb	1965	1966	0.483807179909024
Fb	1966	1967	3.47049481043592
Fb	1967	1968	3.25712049015669
Fb	1968	1969	3.76343948452135
Fb	1969	1970	2.80346286617437
Fb	1970	1971	4.22763471414099
Fb	1971	1972	3.45911198001999
Fb	1972	1973	5.21852076359739
Fb	1973	1974	3.35821424022199
Fb	1974	1975	4.19067089900849
Fb	1975	1976	0.440270922287979
Fb	1976	1977	2.36292667496062
Fb	1977	1978	0.728756125518649
Fb	1978	1979	3.46208114707102
Fb	1979	1980	1.50730035532847
Fb	1980	1981	2.14293903016024
Fb	1981	1982	0.657775012051986
Fb	1982	1983	0.663522462775021
Fb	1983	1984	1.38505813581963
Fb	1984	1985	2.56429975753318
Fb	1985	1986	0.30943902209567
Fb	1986	1987	1.15825132142965
Fb	1987	1988	1.5365977775911
Fb	1988	1989	0.544743106953551
Fb	1989	1990	2.31401347808105
Fb	1990	1991	1.56959303496834
Fb	1991	1992	1.0194944229027
Fb	1992	1993	0.554373784824166
Fb	1993	1994	3.80927345731104
Fb	1994	1995	1.58678831255995
Fb	1995	1996	1.95449373418197
Fb	1996	1997	1.31401621564324
Fb	1997	1998	3.92916824390367
Fb	1998	1999	1.38524527897047
Fb	1999	2000	0.60108484207023
Fb	2000	2001	0.853594675203149
Fb	2001	2002	0.656387715137035
Fb	2002	2003	1.87984220744979
Fb	2003	2004	0.424936141838098
Fb	2004	2005	0.510080070424395
Fb	2005	2006	1.35257818343677
Fb	2006	2007	4.34400695784653
Fb	2007	2008	0.569226921998231
Fb	2008	2009	3.16336550923282
Fb	2009	2010	0.6705163708773
Fb	2010	2011	1.69368928730121
Fb	2011	2012	1.98370023447069
Fb	2012	2013	1.36572726229492
Fb	2013	2014	1.61196268559401
Fb	2014	2015	0.39354759631919
Fb	2015	2016	0.320426202921379
Fb	2016	2017	1.71696416887932
Fb	2017	2018	1.30161500675832
Fb	2018	2019	0.497459216615591
Fb	2019	2020	1.11805017129161
Fb	2020	2021	2.46761193045889
Fb	2334	2335	4.17975842476851
Fb	2335	2336	2.04494331483062
Fb	2336	2337	1.42129465322833
Fb	2337	2338	3.88827109521675
Fb	2344	2345	0.561012211171096
Fb	2345	2346	0.735367284820731
Fb	2346	2347	1.05316727924473
Fb	2347	2348	1.72778988354537
Fb	2348	2349	0.817655191124003
Fb	2349	2350	0.74856196879729
Fb	2350	2351	2.33607370681661
Fb	2351	2352	0.45961523933367
Fb	2419	2420	2.81552770117893
Fb	2458	2459	0.550709977222358
Fb	2459	2460	0.77098284268968
Fb	2460	2461	1.70881820880051
Fb	2461	2462	3.65333659517253
Fb	2462	2463	0.744824761237213
Fb	2463	2464	0.509416273960835
Fb	2464	2465	0.910983781641256
Fb	2465	2466	1.4602133509429
Fb	2466	2467	2.18254541467317
Fb	2467	2468	0.551426287143344
Fb	2468	2469	1.06885588883024
Fb	2469	2470	2.71346057380798
Fb	2470	2471	3.18696332161007
Fb	2471	2472	2.28030177939801
Fb	2472	2473	2.16164466731657
Fb	2473	2474	0.66918903191833
Fb	2474	2475	0.31961022385854
Fb	2475	2476	1.27368613693915
Fb	2476	2477	1.06697633859196
Fb	2477	2478	1.2910995339239
Fb	2478	2479	3.67100192010523
Fb	3241	3242	2.92575801871081
Tumor	0	1	2.97841908235231
Tumor	1	2	3.00903454157339
Tumor	2	3	0.331629339443352
Tumor	3	4	0.343413873315332
Tumor	39	40	0.40619978838833
Tumor	40	41	0.72115291839655
Tumor	41	42	0.322521374147915
Tumor	42	43	0.319641133840562
Tumor	43	44	0.494646295762248
Tumor	44	45	0.871151482545748
Tumor	45	46	2.63572090390671
Tumor	46	47	1.50167084358283
Tumor	47	48	1.72804365484195
Tumor	437	438	2.09965141229548
Tumor	516	517	0.344129958031181
Tumor	517	518	0.386674101321665
Tumor	518	519	0.378090810224375
Tumor	519	520	1.82472823894903
Tumor	520	521	0.373899699612348
Tumor	592	593	1.41037268494609
Tumor	593	594	1.8827433593347
Tumor	594	595	0.351223315627979
Tumor	595	596	0.713182357457555
Tumor	596	597	2.29702404179837
Tumor	597	598	0.573943452501444
Tumor	598	599	1.45560371526989
Tumor	599	600	0.298439141401133
Tumor	600	601	0.840498967341928
Tumor	601	602	0.609373223320067
Tumor	602	603	0.572255797485772
Tumor	603	604	0.436598893218501
Tumor	604	605	0.401979085826081
Tumor	605	606	0.356473630259216
Tumor	606	607	0.48060684814386
Tumor	607	608	1.97065583551951
Tumor	608	609	0.332073898640785
Tumor	609	610	0.195318841395116
Tumor	1459	1460	0.561869707022354
Tumor	1460	1461	0.819177468563323
Tumor	1461	1462	0.410802057104155
Tumor	1500	1501	0.526389070331787
Tumor	1501	1502	0.293628318710661
Tumor	1502	1503	1.09657201474116
Tumor	1503	1504	0.378626833974704
Tumor	1504	1505	0.500266649159484
Tumor	1505	1506	0.925677482020967
Tumor	1506	1507	0.930254799141195
Tumor	1507	1508	0.306551562544981
Tumor	1912	1913	2.37287133226359
Tumor	1913	1914	3.48252422730674
Tumor	1914	1915	0.423802731942376
Tumor	1915	1916	0.387159161748475
Tumor	1916	1917	1.41775032614255
Tumor	1917	1918	1.18157504848691
Tumor	1918	1919	0.638614301539695
Tumor	1919	1920	0.3113327532118
Tumor	1920	1921	0.467890844624468
Tumor	1921	1922	0.397573877353335
Tumor	1922	1923	1.58697389502503
Tumor	1923	1924	0.173260112717154
Tumor	1924	1925	1.88327821196742
Tumor	1925	1926	0.773984076684746
Tumor	1926	1927	0.527440322376194
Tumor	1927	1928	0.855300981210514
Tumor	1928	1929	1.02074190468261
Tumor	1929	1930	2.60791381183813
Tumor	1930	1931	3.58254721551501
Tumor	1931	1932	4.03295222854628
Tumor	1932	1933	2.59528114659517
Tumor	1933	1934	0.531746540155313
Tumor	1934	1935	2.97864045434956
Tumor	1935	1936	1.81131913707102
Tumor	1936	1937	2.31511330028332
Tumor	1937	1938	0.923765384748213
Tumor	1938	1939	1.40790237876633
Tumor	1939	1940	0.81117334859616
Tumor	1940	1941	4.05232035933934
Tumor	1941	1942	0.498598624406391
Tumor	1942	1943	0.668492618996005
Tumor	1943	1944	0.864975727538744
Tumor	1944	1945	0.348982033959038
Tumor	1945	1946	0.301640808150962
Tumor	1946	1947	0.606060055749923
Tumor	1947	1948	0.987756669089544
Tumor	1948	1949	2.16920650076932
Tumor	1949	1950	0.426038864535883
Tumor	1950	1951	2.0847093326147
Tumor	1951	1952	4.00214353979692
Tumor	1952	1953	0.970123394355334
Tumor	1953	1954	3.8095610992931
Tumor	1954	1955	3.87711950028052
Tumor	1955	1956	0.302625000187028
Tumor	1956	1957	1.30662687626122
Tumor	1957	1958	1.3563103964635
Tumor	1958	1959	0.497089001536556
Tumor	1959	1960	1.59966116268644
Tumor	1960	1961	0.954517003164724
Tumor	1961	1962	0.293013064177601
Tumor	1962	1963	3.26170934572771
Tumor	1963	1964	3.98939635698095
Tumor	1964	1965	1.89169991741654
Tumor	1965	1966	1.80225274494389
Tumor	1966	1967	2.34762900467216
Tumor	1967	1968	0.324092436147621
Tumor	1968	1969	1.99678960862072
Tumor	1969	1970	1.93097436563771
Tumor	2213	2214	2.47896920370852
Tumor	2214	2215	0.343497261427755
Tumor	2215	2216	0.306845453719499
Tumor	2216	2217	4.72854183490648
Tumor	2217	2218	0.258802038465736
Tumor	2218	2219	0.403178256502539
Tumor	2219	2220	1.72926304227532
Tumor	2220	2221	2.62401585304647
Tumor	2221	2222	2.2936620816637
Tumor	2222	2223	0.493890039855478
Tumor	2223	2224	0.64775473677543
Tumor	2224	2225	0.310397543698976
Tumor	2225	2226	1.85889877206568
Tumor	2226	2227	1.53321774120025
Tumor	2227	2228	0.269317909374285
Tumor	2228	2229	0.308563204927585
Tumor	2229	2230	1.73382599447616
Tumor	2230	2231	2.08512054760451
Tumor	2231	2232	0.603458647899247
Tumor	2232	2233	1.97402936112055
Tumor	2233	2234	0.625342114207942
Tumor	2234	2235	0.645935290956885
Tumor	2235	2236	1.01825024521029
Tumor	2236	2237	0.660251353864596
Tumor	2237	2238	1.66263212599027
Tumor	2238	2239	2.09148340609726
Tumor	2239	2240	3.26469047042851
Tumor	2240	2241	0.645374270142557
Tumor	2241	2242	0.355679189700892
Tumor	2242	2243	0.45238027996489
Tumor	2243	2244	0.965467967850239
Tumor	2244	2245	3.26107334565219
Tumor	2245	2246	1.13578164949868
Tumor	2246	2247	1.75567138798623
Tumor	2247	2248	0.243359924709065
Tumor	2248	2249	0.63284671925684
Tumor	2249	2250	1.87582030324531
Tumor	2250	2251	1.27765486280056
Tumor	2251	2252	1.30792978539867
Tumor	2252	2253	1.30542492571356
Tumor	2253	2254	0.788348285320532
Tumor	2254	2255	0.520696808504228
Tumor	2255	2256	3.19093436293224
Tumor	2256	2257	0.817778874222506
Tumor	2257	2258	0.267686056291434
Tumor	2258	2259	0.88998406230696
Tumor	2259	2260	1.6396405306955
Tumor	2260	2261	0.573250278684661
Tumor	2261	2262	0.276419150658773
Tumor	2262	2263	0.826445606839018
Tumor	2263	2264	0.65696874626639
Tumor	2264	2265	1.32142593400253
Tumor	2265	2266	0.448357824368071
Tumor	2266	2267	3.18921393412532
Tumor	2267	2268	1.51465001406266
Tumor	2268	2269	1.91869694928762
Tumor	2269	2270	0.306854943535778
Tumor	2270	2271	3.44750522203949
Tumor	2271	2272	0.345619465249681
Tumor	2272	2273	5.82327856570727
Tumor	2273	2274	2.36056424053068
Tumor	2274	2275	0.691849710444299
Tumor	2275	2276	3.21237080360388
Tumor	2276	2277	3.0869787836958
Tumor	2277	2278	2.5809750428345
Tumor	2278	2279	3.14510967462859
Tumor	2279	2280	4.17438726989564
Tumor	2280	2281	2.0785670335349
Tumor	2281	2282	4.38434295445759
Tumor	2282	2283	4.16779312771948
Tumor	2283	2284	2.94966464426475
Tumor	2284	2285	4.04436209876123
Tumor	2285	2286	2.14960885591511
Tumor	2286	2287	1.9940439978935
Tumor	2287	2288	0.305890019783686
Tumor	2288	2289	1.05243850114773
Tumor	2289	2290	0.292615832873151
Tumor	2290	2291	0.529182879284362
Tumor	2291	2292	0.80180362348725
Tumor	2292	2293	1.13481408660821
Tumor	2293	2294	0.395217769036932
Tumor	2294	2295	2.4866566723557
Tumor	2295	2296	1.7288817549821
Tumor	2296	2297	0.797153451185296
Tumor	2297	2298	0.299257931700653
Tumor	2298	2299	0.95299142880283
Tumor	2299	2300	2.03064641324073
Tumor	2300	2301	0.204693452515083
Tumor	2301	2302	1.63921029215975
Tumor	2302	2303	2.32337353026148
Tumor	2303	2304	0.482901960459658
Tumor	2304	2305	1.33200247558617
Tumor	2305	2306	0.809211840821901
Tumor	2306	2307	2.04621361751363
Tumor	2307	2308	0.884288925185655
Tumor	2308	2309	1.33622550851043
Tumor	2309	2310	0.874926594477232
Tumor	2310	2311	0.223173555364759
Tumor	2311	2312	0.602172779867708
Tumor	2312	2313	0.748268587042754
Tumor	2313	2314	0.606420031750611
Tumor	2314	2315	2.29741029792953
Tumor	2315	2316	0.766308576573255
Tumor	2316	2317	0.181017641886559
Tumor	2317	2318	0.41776555524102
Tumor	2318	2319	0.413506975734934
Tumor	2319	2320	1.29282271747447
Tumor	2320	2321	0.256605034257163
Tumor	2321	2322	0.336061315238388
Tumor	2322	2323	1.18452001371949
Tumor	2323	2324	0.718206207558858
Tumor	2324	2325	0.566164940656626
Tumor	2325	2326	0.964864281724534
Tumor	2326	2327	0.55186323799048
Tumor	2327	2328	1.49842482065082
Tumor	2328	2329	0.184784474923109
Tumor	2329	2330	0.449033427213897
Tumor	2330	2331	0.389649186945191
Tumor	2331	2332	2.27653549532649
Tumor	2332	2333	1.40464629440733
Tumor	2333	2334	0.54827948123001
Tumor	2334	2335	0.616230439004853
Tumor	2335	2336	0.661791869709851
Tumor	2336	2337	1.82851888617573
Tumor	2337	2338	1.11253707767728
Tumor	2338	2339	0.687446334782043
Tumor	2339	2340	2.67382284830196
Tumor	2340	2341	0.476313757759494
Tumor	2341	2342	3.02380801661965
Tumor	2342	2343	3.77814967400734
Tumor	2343	2344	2.87799118332661
Tumor	2344	2345	3.57712393962582
Tumor	2345	2346	2.7410828378051
Tumor	2346	2347	2.16721796495181
Tumor	2347	2348	2.82795832328288
Tumor	2348	2349	2.84534274510819
Tumor	2349	2350	0.418848591686205
Tumor	2350	2351	2.99630245317601
Tumor	2351	2352	2.64661157397984
Tumor	2352	2353	2.7485446566073
Tumor	2353	2354	3.26050350977037
Tumor	2354	2355	2.25088926712533
Tumor	2355	2356	3.84293228179571
Tumor	2356	2357	0.371441011119649
Tumor	2357	2358	2.74172918326029
Tumor	2358	2359	3.54342649551744
Tumor	2359	2360	1.60752067267123
Tumor	2360	2361	2.2043674648486
Tumor	2361	2362	3.88246198448366
Tumor	2362	2363	2.523156531922
Tumor	2363	2364	1.01018714709687
Tumor	2364	2365	1.7272826174809
Tumor	2365	2366	0.528667458076935
Tumor	2366	2367	3.59399642503053
Tumor	2367	2368	0.430998410113329
Tumor	2368	2369	2.87799118332661
Tumor	2369	2370	0.551441880315341
Tumor	2370	2371	0.314501542679054
Tumor	2371	2372	1.53421562797288
Tumor	2372	2373	0.718745006135902
Tumor	2373	2374	2.06823523928699
Tumor	2374	2375	0.292848858784051
Tumor	2375	2376	2.01459974735579
Tumor	2376	2377	0.846802928668158
Tumor	3797	3798	1.31800966172393
Tumor	3798	3799	0.299339156993994
Tumor	3799	3800	1.03107450606309
Tumor	3864	3865	2.18592701675054
Tumor	3865	3866	0.321090336754847
Tumor	3866	3867	0.34555915256065
Tumor	3867	3868	0.381036053999351
Tumor	3868	3869	0.833593630187342
Tumor	3869	3870	0.940888080421105
Tumor	3870	3871	1.3778787463806
Tumor	3871	3872	1.31734216566866
Tumor	3872	3873	0.741816888987552
Tumor	3873	3874	1.49549738320196
Tumor	3874	3875	2.87482982910208
Tumor	3875	3876	0.291867505665565
Tumor	3876	3877	0.511306085018026
Tumor	3877	3878	3.83569858879909
Tumor	3878	3879	0.371036726849664
Tumor	3879	3880	2.82721013683314
Tumor	3880	3881	1.05219581949979
Tumor	3881	3882	2.13764341491566
Tumor	3882	3883	1.15541211132435
Tumor	3883	3884	3.63086379475968
Tumor	3884	3885	1.02142374698002
Tumor	3885	3886	1.31861106831174
Tumor	3886	3887	0.409386516760138
Tumor	3887	3888	2.18131928773977
Tumor	3888	3889	0.849896753499149
Tumor	3889	3890	0.721614772076204
Tumor	3890	3891	0.879148443379737
Tumor	3891	3892	0.736557005031827
Tumor	3892	3893	2.57647257761808
Tumor	3893	3894	1.30098247772616
Tumor	3894	3895	1.48165090626768
Tumor	3895	3896	2.26856400988145
Tumor	3896	3897	0.664803651659118
Tumor	3897	3898	4.11927084122399
Tumor	3898	3899	0.314033518709795
Tumor	3899	3900	0.884539281552559
Tumor	3900	3901	0.832197592153968
Tumor	3901	3902	1.0150980608373
Tumor	3902	3903	1.501942095567
Tumor	3903	3904	1.06835396784264
Tumor	3904	3905	0.758460976155129
Tumor	3905	3906	0.444006263034145
Tumor	3906	3907	2.23769489847369
Tumor	3907	3908	1.80119646911547
Tumor	3908	3909	2.86413956523131
Tumor	4997	4998	1.10789778130254
Tumor	4998	4999	2.79201969233477
Tumor	4999	5000	4.25027114937966
Tumor	5023	5024	0.545443587841594
Tumor	5024	5025	0.790365841377516
Tumor	5025	5026	0.295656999399378
Tumor	5026	5027	3.49186448870265
Tumor	5027	5028	3.60864111417071
Tumor	5028	5029	0.57455351443626
Tumor	5029	5030	0.62639424389886
Tumor	5030	5031	0.449259088433819
Tumor	5031	5032	2.85070179053353
Tumor	5284	5285	0.525398580497603
Tumor	5285	5286	2.68647856817735
Tumor	5286	5287	0.697120729031881
Tumor	5287	5288	2.76931355906323
Tumor	5543	5544	1.56369446183241
Tumor	5544	5545	1.82671220421489
Tumor	5608	5609	0.219974398343978
Tumor	5609	5610	0.32853984868183
Tumor	5610	5611	0.299501740918548
Tumor	5611	5612	0.212164092650544
Tumor	5612	5613	0.297384110488252
Tumor	5613	5614	0.374055346146289
Tumor	5614	5615	0.838705382422962
Tumor	5615	5616	1.68195361141489
Tumor	5616	5617	0.325807474951304
Tumor	5617	5618	3.15168518490679
Tumor	5618	5619	0.405348475459221
Tumor	5619	5620	1.03832589949435
Tumor	5620	5621	0.754301603713276
Tumor	5621	5622	0.981559005032685
Tumor	5622	5623	0.344753008707805
Tumor	5623	5624	1.76477720932112
Tumor	5624	5625	0.871717564344285
Tumor	5625	5626	1.22698958230369
Tumor	5626	5627	1.04772811574663
Tumor	5627	5628	0.824498945422398
Tumor	6556	6557	1.03726639890734
Tumor	6557	6558	0.813788018212887
Tumor	6558	6559	3.01086811188981
Tumor	6559	6560	2.90206446205225
Tumor	6560	6561	0.735579440296629
Tumor	6561	6562	2.61669159440174
Tumor	6562	6563	0.745173465790269
Tumor	6563	6564	2.7948994212346
