CD8T	192	193	1.11240001722411
CD8T	193	194	0.748855591357373
CD8T	1293	1294	1.80819680985312
CD8T	1474	1475	1.03997870214314
CD8T	1475	1476	0.898631720637338
CD8T	1476	1477	1.13553062480111
CD8T	2137	2138	2.20760266198332
CD8T	2801	2802	0.900275316552179
CD8T	3081	3082	0.859049058620241
CD8T	3098	3099	0.730257875940498
CD8T	3099	3100	1.07175197397756
CD8T	3100	3101	1.64390993462428
CD8T	3198	3199	1.12954258935947
CD8T	3238	3239	1.67211023156143
CD8T	3239	3240	0.940316930375861
CD8T	3240	3241	1.37301769660289
CD8T	3241	3242	1.85714222849091
CD8T	3242	3243	1.39979475577479
CD8T	3243	3244	1.105594057093
CD8T	3244	3245	1.11253707767728
CD8T	3245	3246	1.68308252446732
CD8T	3246	3247	2.11360385508445
CD8T	3247	3248	1.31381726728361
CD8T	3248	3249	1.77447081929978
CD8T	3249	3250	1.09648349595359
CD8T	3570	3571	1.43998012138993
CD8T	4546	4547	0.610024989685519
CD4T	98	99	1.54283277281901
CD4T	244	245	1.54747591874701
CD4T	304	305	0.602147867419268
CD4T	344	345	0.65270299576425
CD4T	470	471	0.800652633458088
CD4T	658	659	2.12846078679514
CD4T	1903	1904	1.65170237368734
CD4T	2518	2519	0.930440760598913
CD4T	3337	3338	0.487002879937993
CD4T	3542	3543	0.819212941540314
CD4T	3543	3544	0.850894917743143
CD4T	3787	3788	1.22968017823951
CD4T	3811	3812	1.40025513414764
CD4T	3812	3813	1.61635362493142
CD4T	4339	4340	2.49769862269068
CD4T	4340	4341	1.58185860256351
CD4T	4341	4342	1.95089811949327
CD4T	4879	4880	0.642199868398047
CD4T	5121	5122	1.02108270228179
CD4T	5122	5123	1.11157843466538
NK	2	3	0.879973249475004
NK	21	22	1.57210853934006
NK	37	38	1.71000434612725
NK	38	39	1.74305180990583
NK	52	53	1.44170280480118
NK	54	55	1.7011574241077
NK	55	56	1.65204321679743
NK	56	57	1.953664352182
NK	57	58	1.25383543133008
NK	58	59	1.39956469804079
NK	59	60	1.0806728262953
NK	99	100	1.97938681173799
NK	100	101	1.35098587078419
NK	101	102	1.39956469804079
NK	102	103	1.67246144572645
NK	103	104	1.8228403481643
NK	104	105	0.73009069575163
NK	105	106	1.33550233465579
NK	106	107	1.68468996877929
NK	107	108	2.38975337871679
NK	108	109	1.29928298413026
NK	109	110	0.876683861118874
NK	110	111	1.59315875882608
NK	111	112	1.46659353165901
NK	112	113	1.43606053683494
NK	113	114	1.54428018710154
NK	114	115	1.15110820303951
NK	115	116	1.23970380573974
NK	116	117	1.77447081929978
NK	117	118	2.33097094513194
NK	118	119	1.10424384015648
NK	206	207	1.27684645023173
NK	207	208	1.80798367205103
NK	208	209	1.35673844238053
NK	267	268	0.881296369224055
NK	278	279	2.25801524284491
NK	279	280	0.960461950187292
NK	280	281	0.675146207997279
NK	281	282	1.24831654053823
NK	282	283	1.44640302156465
NK	283	284	1.2198367572379
NK	313	314	1.46685009979175
NK	314	315	1.79950965988213
NK	315	316	0.892120811404833
NK	316	317	1.25437243968455
NK	317	318	1.02507700829588
NK	525	526	0.642029198833498
NK	526	527	0.862199183846878
NK	593	594	0.864896134293297
B	63	64	1.19937253134944
B	529	530	0.824714762762346
B	824	825	2.94795108529198
Neutrophil	1	2	2.40611750073891
Neutrophil	5	6	2.72026839821151
Neutrophil	6	7	1.72842448478161
Neutrophil	7	8	2.5642112138591
Neutrophil	8	9	3.19874505913415
Neutrophil	9	10	3.13453819291178
Neutrophil	10	11	3.10597844585267
Neutrophil	11	12	2.89289382732887
Neutrophil	12	13	3.29737888635614
Neutrophil	13	14	2.6006665984495
Neutrophil	14	15	3.85416879190694
Neutrophil	15	16	2.85223888820072
Neutrophil	20	21	3.06571987848673
Neutrophil	21	22	2.99675410033634
Neutrophil	22	23	2.98612514398861
Neutrophil	23	24	2.01122853245675
Neutrophil	24	25	3.43205371587043
Neutrophil	25	26	3.55904672250949
Neutrophil	26	27	2.87207279319657
Neutrophil	27	28	3.61364616143773
Neutrophil	28	29	2.09401455295064
Neutrophil	29	30	2.75541334761285
Neutrophil	30	31	3.70773632578331
Neutrophil	31	32	2.24937039673295
Neutrophil	32	33	3.19987287774259
Neutrophil	33	34	2.39517245390798
Neutrophil	34	35	2.59233548235771
Neutrophil	35	36	2.93351608337319
Neutrophil	36	37	2.55759638315628
Neutrophil	37	38	2.81458649584905
Neutrophil	38	39	2.74649446222788
Neutrophil	39	40	1.47329873057291
Neutrophil	40	41	3.25449777211162
Neutrophil	41	42	4.06627852903826
Neutrophil	42	43	2.18592701675054
Neutrophil	43	44	2.89396786284092
Neutrophil	44	45	2.77071571176526
Neutrophil	45	46	3.04357055530421
Neutrophil	46	47	3.69936957498239
Neutrophil	47	48	3.32667631438741
Neutrophil	48	49	1.96395366424925
Neutrophil	49	50	3.50534079527246
Neutrophil	50	51	2.85609327444067
Neutrophil	64	65	1.43557233761321
Neutrophil	65	66	3.94465593781917
Neutrophil	66	67	2.09839525760119
Neutrophil	69	70	2.69244800991692
Neutrophil	70	71	2.6794951945045
Neutrophil	71	72	1.9284579948231
Neutrophil	72	73	3.23436500191066
Neutrophil	73	74	2.64742375739226
Neutrophil	74	75	2.65394873099456
Neutrophil	75	76	2.32734539129712
Neutrophil	76	77	2.49974845076556
Neutrophil	77	78	2.70907747052389
Neutrophil	78	79	2.59347982111894
Neutrophil	79	80	3.25929924184433
Neutrophil	80	81	2.7791757414457
Neutrophil	81	82	2.79201969233477
Neutrophil	82	83	3.34695371754272
Neutrophil	83	84	3.29863366597572
Neutrophil	84	85	2.02025167330389
Neutrophil	95	96	2.43507427604012
Neutrophil	96	97	1.77895836945314
Neutrophil	99	100	2.31986610512122
Neutrophil	102	103	2.35926157205627
Neutrophil	104	105	1.92145699134186
Neutrophil	105	106	2.31286435120905
Neutrophil	108	109	2.84585174292794
Neutrophil	109	110	1.55656757939767
Neutrophil	110	111	3.21580892578038
Neutrophil	111	112	2.19085005375878
Neutrophil	121	122	2.12911315147707
Neutrophil	122	123	1.64424687740413
Neutrophil	123	124	2.70061522261469
Neutrophil	124	125	2.16311948853865
Neutrophil	125	126	1.56578786619843
Neutrophil	126	127	2.50266087916232
Neutrophil	130	131	2.47397757925581
Neutrophil	131	132	1.53393035992596
Neutrophil	132	133	1.8099041925235
Neutrophil	133	134	2.53270310735032
Neutrophil	144	145	1.80140759977689
Neutrophil	145	146	2.5477690025111
Neutrophil	146	147	2.41195246552605
Neutrophil	147	148	2.65272155719082
Neutrophil	148	149	2.26468878284595
Neutrophil	159	160	1.54283277281901
Neutrophil	160	161	2.40153959170054
Neutrophil	161	162	3.14617355544663
Neutrophil	162	163	3.04738407939581
Neutrophil	163	164	2.98553003127456
Neutrophil	164	165	1.60847860306323
Neutrophil	165	166	2.13632504428067
Neutrophil	166	167	2.04738806487155
Neutrophil	167	168	1.71409722645863
Neutrophil	168	169	1.61651531048164
Neutrophil	169	170	2.34962790034856
Neutrophil	170	171	2.98107913380208
Neutrophil	171	172	1.89987343908586
Neutrophil	172	173	2.66072934951241
Neutrophil	173	174	2.63092419790698
Neutrophil	174	175	1.85896912177411
Neutrophil	175	176	1.78719078578184
Neutrophil	176	177	2.08717988490301
Neutrophil	177	178	2.46211673236237
Neutrophil	178	179	1.81290190580186
Neutrophil	179	180	1.86034229705167
Neutrophil	180	181	2.85918883045948
Neutrophil	181	182	1.8826706909194
Neutrophil	182	183	2.02823509431132
Neutrophil	220	221	3.37220064782206
Neutrophil	221	222	2.76233604598158
Neutrophil	222	223	2.2906131819356
Neutrophil	223	224	2.50026168277011
Neutrophil	224	225	3.30746490399945
Neutrophil	225	226	2.67288103789016
Neutrophil	226	227	2.39381437477974
Neutrophil	227	228	1.72500447137959
Neutrophil	228	229	2.30918160180076
Neutrophil	229	230	2.73901772124583
Neutrophil	230	231	2.29782894816441
Neutrophil	231	232	1.94471110814427
Neutrophil	232	233	2.78700261985844
Neutrophil	233	234	2.31986610512122
Neutrophil	234	235	2.75817590126603
Neutrophil	235	236	2.89074961544836
Neutrophil	236	237	2.73361977595171
Neutrophil	237	238	2.19900433308965
Neutrophil	238	239	3.21810814418565
Neutrophil	239	240	2.64966118933829
Neutrophil	240	241	1.84852643060094
Neutrophil	241	242	2.59347982111894
Neutrophil	242	243	2.75059964045907
Neutrophil	243	244	2.31738806956212
Neutrophil	244	245	2.26237249393652
Neutrophil	245	246	2.18803317369721
Neutrophil	246	247	3.01362544275544
Neutrophil	247	248	3.16531989668134
Neutrophil	248	249	2.2926111748578
Neutrophil	298	299	2.85918883045948
Neutrophil	299	300	2.4910707062894
Neutrophil	300	301	2.48298383639514
Neutrophil	301	302	2.32318182948587
Neutrophil	302	303	2.77352672062016
Neutrophil	303	304	2.27323881172233
Neutrophil	304	305	2.24031659346273
Neutrophil	305	306	2.72159442620997
Neutrophil	306	307	2.73361977595171
Neutrophil	307	308	2.59233548235771
Neutrophil	308	309	2.31656371763325
Neutrophil	309	310	2.44463275065006
Neutrophil	310	311	2.11488466448506
Neutrophil	311	312	2.42750513396557
Neutrophil	312	313	2.17064958686835
Neutrophil	313	314	2.18033763250941
Neutrophil	314	315	2.97312237002494
Neutrophil	315	316	2.85763970874937
Neutrophil	316	317	3.4049264704207
Neutrophil	317	318	2.28981535211792
Neutrophil	318	319	3.62542844535864
Neutrophil	319	320	2.72558458699241
Neutrophil	320	321	3.35248074420133
Neutrophil	321	322	3.54261149410068
Neutrophil	322	323	1.92145699134186
Neutrophil	323	324	2.19296925176608
Neutrophil	324	325	1.90521073610303
Neutrophil	325	326	2.12846078679514
Neutrophil	326	327	3.10421424313262
Neutrophil	327	328	2.93267413758685
Neutrophil	328	329	2.40336774176403
Neutrophil	329	330	2.13764341491566
Neutrophil	330	331	3.49806035680954
Neutrophil	331	332	1.79635756285368
Neutrophil	332	333	2.89841193070444
Neutrophil	333	334	1.83291754172156
Neutrophil	334	335	2.32776290968996
Neutrophil	335	336	1.76317442783216
Neutrophil	336	337	2.20688260009458
Neutrophil	337	338	1.5390845677113
Neutrophil	338	339	1.71858985852962
Neutrophil	339	340	2.20186019963343
Neutrophil	340	341	2.39880485990856
Neutrophil	341	342	3.28195890499715
Neutrophil	342	343	2.30024843335264
Neutrophil	343	344	1.81850243568804
Neutrophil	344	345	2.45042047371683
Neutrophil	345	346	1.73724132094828
Neutrophil	346	347	1.49171515742722
Neutrophil	347	348	1.93501827827463
Neutrophil	348	349	3.00319193363827
Neutrophil	349	350	2.66217448858839
Neutrophil	350	351	1.77487760908237
Neutrophil	351	352	1.76839679346435
Neutrophil	352	353	1.80014174798086
Neutrophil	353	354	1.6462720665806
Neutrophil	354	355	2.53412655182395
Neutrophil	355	356	1.86355644233966
Neutrophil	356	357	2.74308805784308
Neutrophil	357	358	2.14493407592794
Neutrophil	358	359	2.67319486153712
Neutrophil	359	360	2.38213627939939
Neutrophil	360	361	1.49600115062546
Neutrophil	361	362	1.66790968088943
Neutrophil	362	363	2.41442153948435
Neutrophil	363	364	2.46901528245137
Neutrophil	364	365	2.5092073744533
Neutrophil	365	366	2.07308014163831
Neutrophil	366	367	1.59206676895388
Neutrophil	367	368	1.32324274721444
Neutrophil	368	369	1.98749471708216
Neutrophil	369	370	1.81033167280907
Neutrophil	370	371	1.44367748901215
Neutrophil	371	372	1.54225471137296
Neutrophil	372	373	2.78628821373635
Neutrophil	373	374	1.66234886396227
Neutrophil	374	375	1.94728283286729
Neutrophil	375	376	3.33205299189286
Neutrophil	376	377	1.73569995659759
Neutrophil	377	378	2.49565373784495
Neutrophil	378	379	2.7282548159048
Neutrophil	379	380	2.49616449684084
Neutrophil	380	381	2.82870714041151
Neutrophil	381	382	1.5434113505944
Neutrophil	382	383	3.18309888609377
Neutrophil	383	384	1.72084710114249
Neutrophil	384	385	1.71783906814673
Neutrophil	385	386	1.52206179063153
Neutrophil	386	387	2.4914093412497
Neutrophil	387	388	2.30470283096082
Neutrophil	388	389	2.33911673496303
Neutrophil	389	390	2.3252609739204
Neutrophil	390	391	1.59113220953527
Neutrophil	391	392	2.22177454674826
Neutrophil	392	393	1.60275158648103
Neutrophil	393	394	1.72197847212563
Neutrophil	394	395	1.38772105556125
Neutrophil	395	396	2.31903926177167
Neutrophil	396	397	1.66547124153566
Neutrophil	397	398	1.8964969142605
Neutrophil	398	399	2.4695102014989
Neutrophil	399	400	1.76437617339183
Neutrophil	400	401	2.58210435582863
Neutrophil	401	402	1.88788464500251
Neutrophil	402	403	1.88931305995646
Neutrophil	403	404	2.21884704134939
Neutrophil	404	405	2.139625110254
Neutrophil	405	406	2.99630245317601
Neutrophil	406	407	2.09965141229548
Neutrophil	407	408	2.95655166898559
Neutrophil	408	409	2.05774141708326
Neutrophil	409	410	2.74172918326029
Neutrophil	410	411	2.02651735011104
Neutrophil	411	412	2.30755012237667
Neutrophil	412	413	2.39517245390798
Neutrophil	413	414	2.4920870175616
Neutrophil	414	415	2.97400300038066
Neutrophil	415	416	2.52844697628231
Neutrophil	416	417	2.35450259671688
Neutrophil	417	418	2.430335559513
Neutrophil	418	419	2.56365802305712
Neutrophil	419	420	2.41907080164453
Neutrophil	420	421	2.84534274510819
Neutrophil	421	422	2.40336774176403
Neutrophil	422	423	2.68584140036154
Neutrophil	423	424	2.55103226779478
Neutrophil	424	425	2.81680118902279
Neutrophil	425	426	3.5657017386646
Neutrophil	426	427	2.79201969233477
Neutrophil	427	428	3.04833996478759
Neutrophil	428	429	2.63572090390671
Neutrophil	429	430	2.00843050603665
Neutrophil	430	431	2.59233548235771
Neutrophil	431	432	2.34336188875274
Neutrophil	432	433	2.60849622829458
Neutrophil	433	434	1.72766303247411
Neutrophil	434	435	2.96785655597551
Neutrophil	683	684	2.7235872368112
Neutrophil	687	688	3.68626031342745
Neutrophil	688	689	3.06689042130504
Neutrophil	689	690	3.03788010177712
Neutrophil	690	691	3.3370869311085
Neutrophil	691	692	2.29381232166487
Neutrophil	692	693	3.4417612783619
Neutrophil	693	694	3.02816266934209
Neutrophil	694	695	1.34865824465361
Neutrophil	695	696	3.37934567384964
Neutrophil	697	698	1.86263667233504
Neutrophil	698	699	2.06582408852915
Neutrophil	699	700	2.2029337810686
Neutrophil	700	701	1.84313693515726
Neutrophil	701	702	2.0421170844929
Neutrophil	702	703	2.57143536583756
Neutrophil	703	704	1.59362730640746
Neutrophil	704	705	3.20062552427135
Neutrophil	705	706	2.49514328641769
Neutrophil	706	707	2.64844005686902
Neutrophil	707	708	2.73766512164114
Neutrophil	708	709	2.1958036179497
Neutrophil	709	710	2.36404808027361
Neutrophil	710	711	2.27951397209273
Neutrophil	711	712	2.16562159878067
Neutrophil	712	713	1.57392569303943
Neutrophil	721	722	1.43435353110473
Neutrophil	723	724	2.25241099290351
Neutrophil	725	726	1.82676688586354
Neutrophil	726	727	2.44487311186605
Neutrophil	727	728	3.27437891615431
Neutrophil	728	729	2.89235729251528
Neutrophil	729	730	2.42585845726381
Neutrophil	730	731	1.42181933228228
Neutrophil	731	732	2.98303482825288
Neutrophil	732	733	2.8499342352407
Neutrophil	733	734	3.10625016407429
Neutrophil	734	735	2.49616449684084
Neutrophil	735	736	2.98910659858185
Neutrophil	736	737	2.24056672320633
Neutrophil	737	738	2.76025351800718
Neutrophil	738	739	2.00787212911214
Neutrophil	742	743	1.47902890928065
Neutrophil	743	744	2.8499342352407
Neutrophil	744	745	1.3631966075373
Neutrophil	745	746	2.73281293844454
Neutrophil	746	747	1.56190543481468
Neutrophil	747	748	2.41380358675191
Neutrophil	748	749	1.2819024525508
Neutrophil	749	750	1.57120184588599
Neutrophil	750	751	2.20868396862704
Neutrophil	751	752	2.10374790813884
Neutrophil	752	753	2.00508635684779
Neutrophil	753	754	2.51241283794467
Neutrophil	754	755	2.12035154112842
Neutrophil	755	756	1.92720298424894
Neutrophil	756	757	2.89841193070444
Neutrophil	757	758	2.17582494467123
Neutrophil	758	759	1.98315971203179
Neutrophil	759	760	3.10965347218599
Neutrophil	760	761	2.02138708338238
Neutrophil	761	762	2.27011929174447
Neutrophil	762	763	2.26701169951506
Neutrophil	763	764	1.3503501497248
Neutrophil	764	765	1.87937184944883
Neutrophil	765	766	2.59386160566393
Neutrophil	766	767	1.60370267288035
Neutrophil	767	768	3.15903725254574
Neutrophil	768	769	2.81680118902279
Neutrophil	769	770	2.94995055472783
Neutrophil	770	771	1.98776647910726
Neutrophil	771	772	1.765178472664
Neutrophil	781	782	2.21121270050774
Neutrophil	782	783	3.07237292656005
Neutrophil	783	784	3.47412385860295
Neutrophil	784	785	2.44079629389538
Neutrophil	785	786	1.56969347007338
Neutrophil	786	787	1.6362062807501
Neutrophil	787	788	1.86863594734354
Neutrophil	788	789	1.60911798921294
Neutrophil	789	790	2.39562563950452
Neutrophil	790	791	2.29274454839901
Neutrophil	791	792	2.64844005686902
Neutrophil	792	793	3.63856034392423
Neutrophil	793	794	3.29300046200666
Neutrophil	794	795	2.91187796311713
Neutrophil	795	796	2.57909614672062
Neutrophil	796	797	2.58967126073185
Neutrophil	797	798	2.95603331194736
Neutrophil	798	799	2.42047063492903
Neutrophil	799	800	2.61708379673422
Neutrophil	800	801	2.81717084270734
Neutrophil	801	802	2.02938239688531
Neutrophil	802	803	2.88554452770653
Neutrophil	803	804	2.36974076323712
Neutrophil	804	805	2.92596681773415
Neutrophil	805	806	2.98588705188144
Neutrophil	806	807	2.97886188061783
Neutrophil	807	808	1.92345057614994
Neutrophil	808	809	2.42703432451869
Neutrophil	809	810	2.04797595982601
Neutrophil	810	811	1.40511037996073
Neutrophil	811	812	1.33570886433178
Neutrophil	812	813	1.6132890083362
Neutrophil	813	814	2.33573628541172
Neutrophil	814	815	2.59845627215291
Neutrophil	815	816	2.29782894816441
Neutrophil	816	817	1.97777559024385
Neutrophil	817	818	2.27011929174447
Neutrophil	818	819	2.82065313557311
Neutrophil	819	820	2.82496935151345
Neutrophil	820	821	2.98419245864782
Neutrophil	821	822	1.73339425326688
Neutrophil	822	823	3.09042220953491
Neutrophil	823	824	1.67775140648335
Neutrophil	824	825	2.26856400988145
Neutrophil	825	826	2.17964170677835
Neutrophil	826	827	2.62259340289127
Neutrophil	827	828	1.79887812916272
Neutrophil	828	829	2.33827032138668
Neutrophil	829	830	2.50773863879671
Neutrophil	830	831	2.50334761160488
Neutrophil	831	832	2.82124722950691
Neutrophil	832	833	2.48499832142028
Neutrophil	833	834	2.99660352623276
Neutrophil	834	835	1.93097436563771
Neutrophil	835	836	3.95665312444481
Neutrophil	836	837	1.60497290740812
Neutrophil	837	838	2.34677381447963
Neutrophil	838	839	1.76197472089661
Neutrophil	839	840	3.4990969786764
Neutrophil	840	841	2.5247402180092
Neutrophil	841	842	2.96925777131048
Neutrophil	842	843	1.93959397920102
Neutrophil	843	844	2.37238140115963
Neutrophil	844	845	2.59519918635871
Neutrophil	845	846	1.8912219276869
Neutrophil	846	847	2.69133630810216
Neutrophil	847	848	2.77141762478775
Neutrophil	848	849	2.29381232166487
Neutrophil	849	850	1.57940750439693
Neutrophil	850	851	3.24694601948306
Neutrophil	851	852	1.52430564655175
Neutrophil	852	853	2.00619944541362
Neutrophil	853	854	1.99294852323313
Neutrophil	854	855	2.74354148326219
Neutrophil	855	856	2.98731654613866
Neutrophil	856	857	1.47485632725806
Neutrophil	857	858	2.21811682755416
Neutrophil	858	859	2.8530084327453
Neutrophil	859	860	2.2155662917963
Neutrophil	860	861	1.8737509171921
Neutrophil	861	862	2.57815823747726
Neutrophil	862	863	2.20007408950475
Neutrophil	863	864	3.10760996773239
Neutrophil	864	865	3.07270966404309
Neutrophil	865	866	3.08808814761517
Neutrophil	866	867	1.78926383528991
Neutrophil	867	868	1.7077820005145
Neutrophil	868	869	3.37674115332058
Neutrophil	869	870	2.45106601985835
Neutrophil	870	871	2.16107815742127
Neutrophil	871	872	2.22471274565542
Neutrophil	872	873	1.95765872924939
Neutrophil	873	874	2.69647908846502
Neutrophil	874	875	2.92124591960853
Neutrophil	875	876	2.80651295380342
Neutrophil	876	877	2.83421783295004
Neutrophil	906	907	2.70907747052389
Neutrophil	907	908	2.95914793585463
Neutrophil	908	909	1.81376069513352
Neutrophil	909	910	1.92896059074154
Neutrophil	910	911	2.82273420624622
Neutrophil	911	912	2.93773767990245
Neutrophil	912	913	3.08842121987844
Neutrophil	913	914	3.12616792069372
Neutrophil	914	915	2.04797595982601
Neutrophil	915	916	2.36143382682417
Neutrophil	916	917	1.98370023447069
Neutrophil	917	918	3.29696100294622
Neutrophil	918	919	1.80309888769423
Neutrophil	919	920	3.11272731533028
Neutrophil	920	921	3.16119883192335
Neutrophil	921	922	1.90423745265475
Neutrophil	922	923	2.14426850086851
Neutrophil	923	924	2.66693978216809
Neutrophil	924	925	2.69996765988857
Neutrophil	925	926	1.74149763444717
Neutrophil	926	927	1.82414682357231
Neutrophil	927	928	1.4699371549693
Neutrophil	928	929	2.3852642856713
Neutrophil	929	930	3.3349084325076
Neutrophil	930	931	2.99931770090328
Neutrophil	931	932	3.58084909875949
Neutrophil	932	933	1.81763797610274
Neutrophil	933	934	2.07490480383403
Neutrophil	934	935	1.37632774831061
Neutrophil	935	936	2.04328530216936
Neutrophil	936	937	2.84001577002228
Neutrophil	937	938	2.85609327444067
Neutrophil	938	939	2.56200059012028
Neutrophil	939	940	2.2072425502065
Neutrophil	940	941	1.96027522819815
Neutrophil	941	942	2.54668400948424
Neutrophil	942	943	1.94676778204099
Neutrophil	943	944	1.85577505279414
Neutrophil	944	945	2.5809750428345
Neutrophil	945	946	2.47846871234069
Neutrophil	946	947	2.38571210613216
Neutrophil	947	948	2.45138897878499
Neutrophil	948	949	2.42656377952057
Neutrophil	949	950	3.09847030588739
Neutrophil	950	951	2.96523512872281
Neutrophil	951	952	2.32429005182134
Neutrophil	952	953	1.35931325228878
Neutrophil	953	954	3.36267281679959
Neutrophil	954	955	3.14937261910123
Neutrophil	955	956	2.48937955942366
Neutrophil	956	957	1.90594153861222
Neutrophil	957	958	2.4327015705185
Neutrophil	958	959	2.00453042114144
Neutrophil	959	960	2.57255219413927
Neutrophil	960	961	2.70907747052389
Neutrophil	961	962	2.85841393312559
Neutrophil	962	963	2.47763521808082
Neutrophil	963	964	3.21275218514175
Neutrophil	964	965	2.80724388093293
Neutrophil	965	966	1.76357478287235
Neutrophil	966	967	2.0397859513725
Neutrophil	967	968	2.5532147160226
Neutrophil	968	969	1.9697705634872
Neutrophil	969	970	2.68139421110004
Neutrophil	970	971	1.75918329879344
Neutrophil	971	972	1.90667306245649
Neutrophil	972	973	1.66581905683477
Neutrophil	973	974	2.11616756792241
Neutrophil	974	975	2.65969857611708
Neutrophil	975	976	1.8735176429865
Neutrophil	976	977	1.93097436563771
Neutrophil	977	978	2.3252609739204
Neutrophil	978	979	2.82323041915953
Neutrophil	979	980	2.22471274565542
Neutrophil	980	981	3.06718329216848
Neutrophil	981	982	2.35622996600174
Neutrophil	982	983	2.39607907179059
Neutrophil	983	984	1.53736192508292
Neutrophil	984	985	2.32318182948587
Neutrophil	985	986	2.64661157397984
Neutrophil	986	987	3.16011740643441
Neutrophil	987	988	2.74626695758449
Neutrophil	988	989	3.29487440202243
Neutrophil	989	990	2.56126498117212
Neutrophil	990	991	1.98858234946178
Neutrophil	991	992	2.77001435680294
Neutrophil	992	993	2.91352404047583
Neutrophil	993	994	2.86749656850418
Neutrophil	994	995	2.79345838500717
Neutrophil	995	996	2.65272155719082
Neutrophil	996	997	1.72918676816664
Neutrophil	997	998	2.31862615219629
Neutrophil	998	999	2.90818529900585
Neutrophil	999	1000	2.47530579825653
Neutrophil	1000	1001	2.15296497685855
Neutrophil	1001	1002	2.93407781897116
Neutrophil	1002	1003	3.639763217011
Neutrophil	1003	1004	2.57255219413927
Neutrophil	1004	1005	2.75956043448145
Neutrophil	1005	1006	1.84045709961207
Neutrophil	1006	1007	2.54668400948424
Neutrophil	1007	1008	1.69206070452363
Neutrophil	1008	1009	2.81887323611829
Neutrophil	1009	1010	2.93562440406521
Neutrophil	1010	1011	3.58424838629646
Neutrophil	1011	1012	3.28492348945209
Neutrophil	1012	1013	2.5775959831465
Neutrophil	1013	1014	3.16716953117209
Neutrophil	1014	1015	2.27558632983163
Neutrophil	1015	1016	2.46802631430948
Neutrophil	1016	1017	2.85424108820856
Neutrophil	1017	1018	3.79330203004379
Neutrophil	1018	1019	2.34591950947395
Neutrophil	1019	1020	1.519546796596
Neutrophil	1020	1021	2.8682271896874
Neutrophil	1021	1022	2.63732572745098
Neutrophil	1022	1023	2.48701761381361
Neutrophil	1023	1024	2.89638916488551
Neutrophil	1024	1025	2.82050467420199
Neutrophil	1025	1026	2.68266252412226
Neutrophil	1026	1027	2.5532147160226
Neutrophil	1027	1028	2.4626076186753
Neutrophil	1028	1029	1.93527175085026
Neutrophil	1029	1030	2.45527418491153
Neutrophil	1030	1031	3.09544395314436
Neutrophil	1031	1032	2.94311363974871
Neutrophil	1032	1033	2.7272525272955
Neutrophil	1033	1034	1.94061461225251
Neutrophil	1034	1035	2.12455791305678
Neutrophil	1035	1036	2.35853875261159
Neutrophil	1036	1037	2.16721796495181
Neutrophil	1037	1038	2.75128570305625
Neutrophil	1038	1039	1.60275158648103
Neutrophil	1039	1040	2.2221412353519
Neutrophil	1040	1041	2.72026839821151
Neutrophil	1041	1042	2.88116376274183
Neutrophil	1042	1043	1.36362966762804
Neutrophil	1043	1044	2.92646813350635
Neutrophil	1044	1045	1.90764955184506
Neutrophil	1045	1046	3.1143415551987
Neutrophil	1046	1047	3.38221905908324
Neutrophil	1047	1048	2.2254489746005
Neutrophil	1048	1049	2.98285686282472
Neutrophil	1049	1050	2.88541146141044
Neutrophil	1050	1051	1.72386818199627
Neutrophil	1051	1052	2.41256905039555
Neutrophil	1052	1053	2.81791061244503
Neutrophil	1053	1054	3.36363405764627
Neutrophil	1054	1055	3.04166977568337
Neutrophil	1055	1056	2.22177454674826
Neutrophil	1056	1057	2.37842775173845
Neutrophil	1057	1058	2.63331922965075
Neutrophil	1058	1059	1.86309641273877
Neutrophil	1059	1060	1.61232414870373
Neutrophil	1060	1061	2.97665005709066
Neutrophil	1061	1062	2.38079930126505
Neutrophil	1062	1063	1.98858234946178
Neutrophil	1063	1064	1.74305180990583
Neutrophil	1064	1065	2.08163212305965
Neutrophil	1065	1066	2.13830342727393
Neutrophil	1066	1067	3.06299444759521
Neutrophil	1067	1068	3.25629540642423
Neutrophil	1068	1069	2.91352404047583
Neutrophil	1069	1070	2.46040087828704
Neutrophil	1070	1071	2.61904748346797
Neutrophil	1071	1072	2.8417878874808
Neutrophil	1072	1073	3.10475671221532
Neutrophil	1073	1074	1.93375220300315
Neutrophil	1074	1075	1.86724712895827
Neutrophil	1075	1076	1.58617008078693
Neutrophil	1076	1077	2.56126498117212
Neutrophil	1077	1078	2.62022784104085
Neutrophil	1078	1079	2.03862302633411
Neutrophil	1079	1080	3.0492968559597
Neutrophil	1080	1081	2.90369260187183
Neutrophil	1081	1082	2.26856400988145
Neutrophil	1082	1083	2.56255271161694
Neutrophil	1083	1084	3.09847030588739
Neutrophil	1084	1085	2.61786873595803
Neutrophil	1157	1158	3.21718776937537
Neutrophil	1158	1159	3.41767832420624
Neutrophil	1159	1160	2.46408199502328
Neutrophil	1160	1161	3.44665300124126
Neutrophil	1161	1162	1.75958139874727
Neutrophil	1162	1163	2.16858883633388
Neutrophil	1163	1164	2.88195867041462
Neutrophil	1164	1165	3.36993864838072
Neutrophil	1165	1166	3.59394656161837
Neutrophil	1166	1167	3.01086811188981
Neutrophil	1167	1168	2.39517245390798
Neutrophil	1170	1171	1.83645580532502
Neutrophil	1171	1172	2.12067431022148
Neutrophil	1172	1173	3.53449996275358
Neutrophil	1173	1174	2.31903926177167
Neutrophil	1174	1175	2.47646970543099
Neutrophil	1175	1176	1.76237439706831
Neutrophil	1176	1177	2.2573764407947
Neutrophil	1177	1178	3.36094507493944
Neutrophil	1178	1179	3.07158768923198
Neutrophil	1179	1180	3.31663686804316
Neutrophil	1180	1181	2.80724388093293
Neutrophil	1181	1182	1.64189179728152
Neutrophil	1182	1183	2.60966224193145
Neutrophil	1183	1184	2.2210416706577
Neutrophil	1184	1185	2.74786072735801
Neutrophil	1185	1186	3.22891419622006
Neutrophil	1186	1187	2.50851588838906
Neutrophil	1187	1188	2.68647856817735
Neutrophil	1188	1189	2.41813887907502
Neutrophil	1189	1190	1.49064817827631
Neutrophil	1190	1191	3.62424360463914
Neutrophil	1191	1192	2.60268968544438
Neutrophil	1192	1193	2.31081633660997
Neutrophil	1193	1194	3.3888813341627
Neutrophil	1194	1195	3.04515758017546
Neutrophil	1195	1196	3.13243844578967
Neutrophil	1196	1197	2.25203029323003
Neutrophil	1197	1198	2.33573628541172
Neutrophil	1198	1199	3.16054982387688
Neutrophil	1199	1200	2.07125975698358
Neutrophil	1200	1201	2.92180003288302
Neutrophil	1201	1202	2.49565373784495
Neutrophil	1202	1203	2.94538684653599
Neutrophil	1203	1204	1.49492693042676
Neutrophil	1204	1205	3.94498718096712
Neutrophil	1205	1206	1.26522272628436
Neutrophil	1206	1207	2.73992061259531
Neutrophil	1207	1208	2.80432378343655
Neutrophil	1208	1209	2.85918883045948
Neutrophil	1209	1210	1.79259328900454
Neutrophil	1210	1211	2.52844697628231
Neutrophil	1211	1212	3.47351804324178
Neutrophil	1212	1213	2.25012947561811
Neutrophil	1213	1214	2.19793600466725
Neutrophil	1214	1215	2.72625138255313
Neutrophil	1215	1216	2.56255271161694
Neutrophil	1216	1217	2.69287596471807
Neutrophil	1237	1238	1.58988818055765
Neutrophil	1238	1239	1.52318273829932
Neutrophil	1239	1240	2.97488449060745
Neutrophil	1246	1247	2.42093776694553
Neutrophil	1247	1248	1.84179578144619
Neutrophil	1248	1249	2.60849622829458
Neutrophil	1249	1250	2.73631460156675
Neutrophil	1250	1251	3.13453819291178
Neutrophil	1251	1252	3.25210634399848
Neutrophil	1263	1264	1.93501827827463
Neutrophil	1264	1265	2.34421354828827
Neutrophil	1271	1272	2.54127961337563
Neutrophil	1272	1273	2.00231072315989
Neutrophil	1273	1274	1.72804365484195
Neutrophil	1274	1275	2.06222136969842
Neutrophil	1275	1276	1.60306846414862
Neutrophil	1276	1277	2.67256732729802
Neutrophil	1277	1278	1.75402832933928
Neutrophil	1278	1279	3.53073831839345
Neutrophil	1279	1280	2.07979162045113
Neutrophil	1280	1281	2.67319486153712
Neutrophil	1281	1282	1.90084099868064
Neutrophil	1312	1313	2.36317574491912
Neutrophil	1314	1315	1.94676778204099
Neutrophil	1315	1316	2.35622996600174
Neutrophil	1316	1317	2.66818720706047
Neutrophil	1317	1318	3.74800799473286
Neutrophil	1331	1332	1.98478243676035
Neutrophil	1332	1333	2.56864963920439
Neutrophil	1333	1334	2.79634280824789
Neutrophil	1334	1335	2.472485825393
Neutrophil	1335	1336	1.90716114638537
Neutrophil	1336	1337	1.62301497568811
Neutrophil	1337	1338	2.83472050334679
Neutrophil	1338	1339	1.82110205144729
Neutrophil	1339	1340	2.84001577002228
Neutrophil	1376	1377	2.19864806512107
Neutrophil	1377	1378	3.04961604354065
Neutrophil	1379	1380	2.44752163191848
Neutrophil	1380	1381	1.98424114254952
Neutrophil	1381	1382	2.54235776083478
Neutrophil	1382	1383	1.765178472664
Neutrophil	1383	1384	1.84268960877036
Neutrophil	1384	1385	1.7615752705669
Neutrophil	1385	1386	2.10406391352001
Neutrophil	1386	1387	1.95948932328818
Neutrophil	1387	1388	2.50231772121364
Neutrophil	1388	1389	2.31738806956212
Neutrophil	1389	1390	1.36082041988671
Neutrophil	1390	1391	1.55568216912928
Neutrophil	1391	1392	2.84610635101745
Neutrophil	1392	1393	2.11873968172633
Neutrophil	1393	1394	1.91600200588079
Neutrophil	1394	1395	1.61651531048164
Neutrophil	1395	1396	2.50026168277011
Neutrophil	1396	1397	2.03862302633411
Neutrophil	1397	1398	1.41611978478483
Neutrophil	1398	1399	2.79453894207459
Neutrophil	1399	1400	2.09339073934587
Neutrophil	1400	1401	1.84134927991218
Neutrophil	1401	1402	2.55103226779478
Neutrophil	1402	1403	1.6935081435172
Neutrophil	1403	1404	2.21702274930706
Neutrophil	1404	1405	3.32538313578801
Neutrophil	1405	1406	2.02651735011104
Neutrophil	1406	1407	1.6249772345054
Neutrophil	1407	1408	2.73406833961356
Neutrophil	1408	1409	2.51423754730009
Neutrophil	1409	1410	2.21982169269632
Neutrophil	1410	1411	1.58431885233877
Neutrophil	1411	1412	2.6735087983155
Neutrophil	1412	1413	3.28245234496958
Neutrophil	1413	1414	2.21302382877469
Neutrophil	1414	1415	2.9539628606777
Neutrophil	1415	1416	2.54199822710014
Neutrophil	1416	1417	2.48954852222193
Neutrophil	1417	1418	2.70386025083836
Neutrophil	1418	1419	2.91023490139558
Neutrophil	1419	1420	3.29737888635614
Neutrophil	1471	1472	1.98451174135764
Neutrophil	1472	1473	2.94453372099503
Neutrophil	1473	1474	2.06042627556635
Neutrophil	1474	1475	2.10786596166046
Neutrophil	1475	1476	2.2284006409545
Neutrophil	1476	1477	2.62496545469943
Neutrophil	1477	1478	2.19014490174816
Neutrophil	1478	1479	1.96765013569172
Neutrophil	1479	1480	3.33447334366517
Neutrophil	1480	1481	2.43412438824543
Neutrophil	1481	1482	2.41720799370422
Neutrophil	1482	1483	2.47000541095191
Neutrophil	1483	1484	2.24785437195001
Neutrophil	1484	1485	1.96712095815354
Neutrophil	1485	1486	2.36579551251775
Neutrophil	1486	1487	1.89505454071788
Neutrophil	1487	1488	2.4572235330968
Neutrophil	1488	1489	2.86385240896794
Neutrophil	1489	1490	1.98749471708216
Neutrophil	1490	1491	2.36056424053068
Neutrophil	1491	1492	1.65238423125736
Neutrophil	1492	1493	1.90569785768983
Neutrophil	1493	1494	2.33069148836054
Neutrophil	1494	1495	2.79393846966492
Neutrophil	1495	1496	2.31081633660997
Neutrophil	1496	1497	1.78018717939735
Neutrophil	1497	1498	2.04153363933547
Neutrophil	1498	1499	1.71484398514075
Neutrophil	1499	1500	2.96088294434551
Neutrophil	1500	1501	2.14028678255424
Neutrophil	1501	1502	2.75128570305625
Neutrophil	1502	1503	2.1624384612508
Neutrophil	1503	1504	1.32526813200521
Neutrophil	1504	1505	2.854549518702
Neutrophil	1505	1506	1.90911670117351
Neutrophil	1506	1507	2.2826697832931
Neutrophil	1507	1508	3.20837578805825
Neutrophil	1508	1509	2.42093776694553
Neutrophil	1509	1510	3.9526374196717
Neutrophil	1510	1511	2.66382902245584
Neutrophil	1511	1512	2.91517314401779
Neutrophil	1512	1513	2.96436300988635
Neutrophil	1513	1514	1.92795573721486
Neutrophil	1514	1515	2.03514476014304
Neutrophil	1515	1516	2.18382640423796
Neutrophil	1516	1517	2.22324230506417
Neutrophil	1517	1518	3.05988962449446
Neutrophil	1518	1519	2.42562348177185
Neutrophil	1519	1520	2.08779874888656
Neutrophil	1520	1521	2.07734437208911
Neutrophil	1521	1522	3.13558987309394
Neutrophil	1522	1523	3.10353660916048
Neutrophil	1523	1524	2.55649886168834
Neutrophil	1524	1525	2.47597069172121
Neutrophil	1525	1526	1.63056832072081
Neutrophil	1526	1527	2.34336188875274
Neutrophil	1527	1528	2.20796293555735
Neutrophil	1528	1529	2.79130122258114
Neutrophil	1529	1530	2.46211673236237
Neutrophil	1530	1531	2.62555948562112
Neutrophil	1531	1532	3.84144398740074
Neutrophil	1532	1533	2.44415223437414
Neutrophil	1533	1534	2.5242119953515
Neutrophil	1534	1535	1.98640864111952
Neutrophil	1535	1536	2.09965141229548
Neutrophil	1536	1537	3.66488769936608
Neutrophil	1537	1538	2.21884704134939
Neutrophil	1538	1539	2.59749702656509
Neutrophil	1696	1697	1.65375000558018
Neutrophil	1697	1698	2.139625110254
Neutrophil	1698	1699	3.21351542149005
Neutrophil	1699	1700	1.84627595203225
Neutrophil	1704	1705	2.91958562893608
Neutrophil	1705	1706	2.48298383639514
Neutrophil	1706	1707	2.42562348177185
Neutrophil	1707	1708	2.32901673826254
Neutrophil	1712	1713	1.67704371247923
Neutrophil	1713	1714	2.44655756790555
Neutrophil	1714	1715	2.52950901854903
Neutrophil	1715	1716	2.75817590126603
Neutrophil	1716	1717	1.70409385603583
Neutrophil	1740	1741	2.55595062817341
Neutrophil	1741	1742	3.66044880314916
Neutrophil	1742	1743	1.69495862802837
Neutrophil	1743	1744	2.71894437346008
Neutrophil	1744	1745	1.57059807911784
Neutrophil	1745	1746	2.75541334761285
Neutrophil	1806	1807	2.37902000452688
Neutrophil	1807	1808	2.32651099002087
Neutrophil	1812	1813	2.92513191271328
Neutrophil	1813	1814	2.25164977247823
Neutrophil	1814	1815	2.87325333791181
Neutrophil	1829	1830	1.73147862064088
Neutrophil	1831	1832	2.82571565195042
Neutrophil	1833	1834	1.73224424421223
Neutrophil	1834	1835	2.39065411154181
Neutrophil	1835	1836	3.47837553428589
Neutrophil	1836	1837	1.42277444949045
Neutrophil	1859	1860	2.51267327103908
Neutrophil	1860	1861	2.10280065697647
Neutrophil	1861	1862	2.8021400099501
Neutrophil	1862	1863	2.37902000452688
Neutrophil	1863	1864	2.36143382682417
Neutrophil	1864	1865	2.53912739363407
Neutrophil	1865	1866	2.4369772841275
Neutrophil	1866	1867	2.5337704679311
Neutrophil	1867	1868	2.40703610426903
Neutrophil	1912	1913	2.47298278394242
Neutrophil	1913	1914	2.49310454952002
Neutrophil	1914	1915	2.74615322732995
Neutrophil	1915	1916	2.44079629389538
Neutrophil	1916	1917	3.68159492169931
Neutrophil	1917	1918	1.83291754172156
Neutrophil	1918	1919	2.55430803147033
Neutrophil	1919	1920	2.60500761332842
Neutrophil	1920	1921	2.34506608797021
Neutrophil	1921	1922	2.63933594582324
Neutrophil	1922	1923	3.3305666659823
Neutrophil	1923	1924	3.32022831912849
Neutrophil	1924	1925	2.11424399841647
Neutrophil	1925	1926	2.01855170845776
Neutrophil	1926	1927	2.78272482014723
Neutrophil	1927	1928	2.34421354828827
Neutrophil	1928	1929	2.43412438824543
Neutrophil	1929	1930	2.58891156723466
Neutrophil	1930	1931	2.48298383639514
Neutrophil	1931	1932	2.00453042114144
Neutrophil	1932	1933	3.15795836738679
Neutrophil	1933	1934	3.38130384114258
Neutrophil	1934	1935	2.40703610426903
Neutrophil	1935	1936	2.70061522261469
Neutrophil	1936	1937	2.40795571982421
Neutrophil	1937	1938	2.96262129824963
Neutrophil	1938	1939	2.1516208205362
Neutrophil	1939	1940	2.70581306370385
Neutrophil	1940	1941	1.77325184657207
Neutrophil	1941	1942	1.57271369846091
Neutrophil	1942	1943	2.3034855883273
Neutrophil	1943	1944	2.20796293555735
Neutrophil	1944	1945	2.47397757925581
Neutrophil	1945	1946	2.140617826775
Neutrophil	1946	1947	2.00120329370749
Neutrophil	1995	1996	2.32484472398328
Neutrophil	1996	1997	3.34154693077053
Neutrophil	1997	1998	2.34934204738138
Neutrophil	1998	1999	2.79996160822368
Neutrophil	1999	2000	2.2031725502623
Neutrophil	2000	2001	3.30291264079901
Neutrophil	2001	2002	2.36667061299137
Neutrophil	2002	2003	2.70191178897047
Neutrophil	2003	2004	2.95465248258535
Neutrophil	2004	2005	2.94368140337263
Neutrophil	2005	2006	2.12715767699375
Neutrophil	2006	2007	3.84293228179571
Neutrophil	2007	2008	3.13875217204967
Neutrophil	2008	2009	3.81939273813479
Neutrophil	2009	2010	2.41720799370422
Neutrophil	2010	2011	3.25091294312421
Neutrophil	2011	2012	2.6321208856186
Neutrophil	2012	2013	2.03746185594607
Neutrophil	2013	2014	2.30024843335264
Neutrophil	2014	2015	2.59347982111894
Neutrophil	2015	2016	1.47746094177633
Neutrophil	2016	2017	2.30592188645848
Neutrophil	2017	2018	2.39517245390798
Neutrophil	2018	2019	3.22388137028609
Neutrophil	2019	2020	1.93501827827463
Neutrophil	2020	2021	2.67508018186464
Neutrophil	2021	2022	2.43412438824543
Neutrophil	2022	2023	2.97900952829312
Neutrophil	2023	2024	3.03128597709759
Neutrophil	2024	2025	2.48399047931622
Neutrophil	2025	2026	2.132383105178
Neutrophil	2026	2027	2.04797595982601
Neutrophil	2027	2028	3.13558987309394
Neutrophil	2028	2029	1.78553667378979
Neutrophil	2029	2030	2.15972018187776
Neutrophil	2030	2031	2.65887483659063
Neutrophil	2031	2032	1.98640864111952
Neutrophil	2032	2033	2.9226318445343
Neutrophil	2033	2034	2.20652281151541
Neutrophil	2034	2035	2.14227513280625
Neutrophil	2035	2036	2.77352672062016
Neutrophil	2171	2172	1.90375129004809
Neutrophil	2172	2173	1.67987888376149
Neutrophil	2173	2174	3.06962755075182
Neutrophil	2176	2177	2.64620576720404
Neutrophil	2177	2178	2.75403531434403
Neutrophil	2178	2179	3.3030387918598
Neutrophil	2179	2180	3.95497787733106
Neutrophil	2180	2181	2.46506634686284
Neutrophil	2181	2182	2.72425251484544
Neutrophil	2182	2183	2.29541660351543
Neutrophil	2183	2184	3.44518280428912
Neutrophil	2184	2185	1.66442885886046
Neutrophil	2185	2186	2.77423087429671
Neutrophil	2186	2187	2.64905040833871
Neutrophil	2187	2188	3.89221221483334
Neutrophil	2188	2189	3.95765967414816
Neutrophil	2189	2190	3.18088526595284
Neutrophil	2190	2191	2.51267327103908
Neutrophil	2191	2192	2.23210549767462
Neutrophil	2192	2193	2.05625384589532
Neutrophil	2214	2215	2.16584945476847
Neutrophil	2232	2233	1.84179578144619
Neutrophil	2233	2234	2.60153305435011
Neutrophil	2234	2235	2.34123657960239
Neutrophil	2235	2236	2.07551397826316
Neutrophil	2265	2266	1.75679940136079
Neutrophil	2269	2270	1.83734307652052
Neutrophil	2292	2293	2.16380110062117
Neutrophil	2293	2294	1.7000594688291
Neutrophil	2310	2311	2.71894437346008
Neutrophil	2313	2314	2.68478048710565
Neutrophil	2314	2315	2.25164977247823
Neutrophil	2315	2316	3.54522197975747
Neutrophil	2316	2317	2.49073220665868
Neutrophil	2317	2318	2.73093319654561
Neutrophil	2318	2319	1.52234184406307
Neutrophil	2319	2320	2.76931355906323
Neutrophil	2320	2321	2.37635818765399
Neutrophil	2321	2322	1.6100782198035
Neutrophil	2322	2323	1.9956901747898
Neutrophil	2337	2338	2.89881703274323
Neutrophil	2338	2339	2.55869531334854
Neutrophil	2339	2340	2.48802906944303
Neutrophil	2340	2341	2.23359222150709
Neutrophil	2341	2342	2.14493407592794
Neutrophil	2342	2343	3.68096621525778
Neutrophil	2343	2344	1.46072137096412
Neutrophil	2344	2345	2.71209151778347
Neutrophil	2345	2346	2.02766208552975
Neutrophil	2346	2347	2.98553003127456
Neutrophil	2347	2348	1.78719078578184
Neutrophil	2348	2349	1.9734956971021
Neutrophil	2349	2350	3.06864906033756
Neutrophil	2350	2351	2.18173130967845
Neutrophil	2351	2352	2.93267413758685
Neutrophil	2352	2353	1.44814372283222
Neutrophil	2396	2397	2.66693978216809
Neutrophil	2402	2403	1.97242949798354
Neutrophil	2403	2404	2.04533395431863
Neutrophil	2404	2405	1.95505129584018
Neutrophil	2411	2412	2.76512042763226
Neutrophil	2412	2413	2.08656151198565
Neutrophil	2413	2414	1.34277466391253
Neutrophil	2442	2443	1.48851960674535
Neutrophil	2446	2447	3.46748127316426
Neutrophil	2469	2470	3.09746040728121
Neutrophil	2470	2471	1.49573242484409
Neutrophil	2471	2472	2.60384787046649
Neutrophil	2482	2483	2.69996765988857
Neutrophil	2483	2484	2.75403531434403
Neutrophil	2484	2485	2.92346442748101
Neutrophil	2485	2486	2.45235860004741
Neutrophil	2486	2487	1.50221346333821
Neutrophil	2487	2488	1.34802503338647
Neutrophil	2488	2489	2.91517314401779
Neutrophil	2515	2516	2.27951397209273
Neutrophil	2516	2517	2.34762900467216
Neutrophil	2517	2518	1.78801928284575
Neutrophil	2518	2519	1.75442353071454
Neutrophil	2519	2520	2.98910659858185
Neutrophil	2520	2521	1.86724712895827
Neutrophil	2521	2522	2.76884666972545
Neutrophil	2522	2523	1.67916899080944
Neutrophil	2523	2524	2.48399047931622
Neutrophil	2524	2525	2.81902142480016
Neutrophil	2525	2526	2.83472050334679
Neutrophil	2526	2527	1.77325184657207
Neutrophil	2527	2528	1.45515581792763
Neutrophil	2543	2544	2.82496935151345
Neutrophil	2544	2545	2.07125975698358
Neutrophil	2545	2546	1.73724132094828
Neutrophil	2546	2547	1.53678872974404
Neutrophil	2547	2548	2.94197918606241
Neutrophil	2548	2549	3.41057252622853
Neutrophil	2549	2550	3.39234606353145
Neutrophil	2550	2551	1.74188585581586
Neutrophil	2551	2552	3.09544395314436
Neutrophil	2552	2553	2.04095063582957
Neutrophil	2553	2554	2.28702907517236
Neutrophil	2554	2555	2.98553003127456
Neutrophil	2555	2556	2.73361977595171
Neutrophil	2556	2557	2.40519990717726
Neutrophil	2557	2558	1.8293964807525
Neutrophil	2558	2559	2.65764068936167
Neutrophil	2559	2560	2.72870064532073
Neutrophil	2560	2561	2.82174261171283
Neutrophil	2561	2562	2.26391595183489
Neutrophil	2562	2563	3.70290038336485
Neutrophil	2563	2564	2.96960841540871
Neutrophil	2564	2565	3.81823081803706
Neutrophil	2565	2566	2.68139421110004
Neutrophil	2566	2567	3.05121366375915
Neutrophil	2567	2568	3.42771789382755
Neutrophil	2568	2569	2.30186540962365
Neutrophil	2569	2570	2.4910707062894
Neutrophil	2570	2571	1.37854469491301
Neutrophil	2571	2572	1.75679940136079
Neutrophil	2572	2573	2.42093776694553
Neutrophil	2660	2661	2.43507427604012
Neutrophil	2663	2664	3.16662513452432
Neutrophil	2664	2665	2.67256732729802
Neutrophil	2674	2675	1.92795573721486
Neutrophil	2680	2681	2.3719407104721
Neutrophil	2682	2683	1.72386818199627
Neutrophil	2694	2695	3.77710629632414
Neutrophil	2695	2696	2.18173130967845
Neutrophil	2696	2697	3.32624505515986
Neutrophil	2697	2698	2.61160910579536
Neutrophil	2698	2699	2.35191829274565
Neutrophil	2699	2700	3.4191059774885
Neutrophil	2700	2701	2.88674301619664
Neutrophil	2701	2702	2.85198252099945
Neutrophil	2702	2703	2.95857034099664
Neutrophil	2703	2704	2.77212009670986
Neutrophil	2704	2705	2.24257055439926
Neutrophil	2705	2706	1.54864191617103
Neutrophil	2706	2707	2.523156531922
Neutrophil	2707	2708	1.58493535160432
Neutrophil	2708	2709	2.18242906305262
Neutrophil	2709	2710	2.2410672152004
Neutrophil	2710	2711	2.76372713726924
Neutrophil	2711	2712	2.89074961544836
Neutrophil	2712	2713	3.92328524603354
Neutrophil	2713	2714	3.20326463733038
Neutrophil	2714	2715	2.83070707708016
Neutrophil	2715	2716	1.46916396212335
Neutrophil	2716	2717	2.5477690025111
Neutrophil	2717	2718	2.96785655597551
Neutrophil	2718	2719	2.88914482177887
Neutrophil	2749	2750	2.19900433308965
Neutrophil	2750	2751	2.51059203726549
Neutrophil	2751	2752	1.94573874007306
Neutrophil	2752	2753	3.77675875686006
Neutrophil	2753	2754	2.81164214829135
Neutrophil	2754	2755	3.01639118747306
Neutrophil	2755	2756	3.70870646897734
Neutrophil	2756	2757	2.98910659858185
Neutrophil	2760	2761	1.8409030527332
Neutrophil	2761	2762	3.04166977568337
Neutrophil	2762	2763	2.86854049623893
Neutrophil	2763	2764	2.97665005709066
Neutrophil	2764	2765	2.8615175713283
Neutrophil	2879	2880	1.75126810787332
Neutrophil	2880	2881	2.18944037173211
Neutrophil	2881	2882	2.95482497057251
Neutrophil	2882	2883	2.85763970874937
Neutrophil	2883	2884	2.01572679738869
Neutrophil	2884	2885	2.81857693297544
Neutrophil	2885	2886	2.28981535211792
Neutrophil	2886	2887	2.47997107629203
Neutrophil	2887	2888	1.95141601292984
Neutrophil	2888	2889	2.15296497685855
Neutrophil	2889	2890	2.25469895692811
Neutrophil	2890	2891	1.49761590131156
Neutrophil	2891	2892	2.25546304997313
Neutrophil	2892	2893	1.7011574241077
Neutrophil	2893	2894	2.82273420624622
Neutrophil	2894	2895	2.41256905039555
Neutrophil	2895	2896	1.9940439978935
Neutrophil	2896	2897	2.20940565047722
Neutrophil	2897	2898	1.99733992184537
Neutrophil	2898	2899	2.6502724004354
Neutrophil	3272	3273	2.49514328641769
Neutrophil	3273	3274	1.64864247193383
Neutrophil	3294	3295	1.94163663827793
Neutrophil	3295	3296	2.58210435582863
Neutrophil	3296	3297	1.92095942789972
Neutrophil	3348	3349	2.16721796495181
Neutrophil	3349	3350	2.64296612938031
Neutrophil	3350	3351	1.69677603342272
Neutrophil	3351	3352	1.68737742722951
Neutrophil	3381	3382	2.97312237002494
Neutrophil	3382	3383	1.95453089209922
Neutrophil	3383	3384	2.18312742758118
Neutrophil	3384	3385	2.15027894264002
Neutrophil	3385	3386	2.40245316583027
Neutrophil	3386	3387	2.21302382877469
Neutrophil	3387	3388	2.79345838500717
Neutrophil	3388	3389	1.64155602626989
Neutrophil	3389	3390	2.14094900985007
Neutrophil	3390	3391	2.30267509794438
Neutrophil	3391	3392	2.39517245390798
Neutrophil	3392	3393	2.29461406874668
Neutrophil	3393	3394	2.47497354765838
Neutrophil	3394	3395	2.03920426922444
Neutrophil	3395	3396	2.2043674648486
Neutrophil	3396	3397	2.66134840072109
Neutrophil	3529	3530	2.65640829245281
Neutrophil	3530	3531	2.15566015291497
Neutrophil	3531	3532	2.19155582876359
Neutrophil	3594	3595	1.92569975373079
Neutrophil	3595	3596	2.30755012237667
Neutrophil	3596	3597	2.84840110633084
Neutrophil	3597	3598	2.68266252412226
Neutrophil	3598	3599	2.30510898111946
Neutrophil	3599	3600	2.53590920424037
Neutrophil	3600	3601	1.78553667378979
Neutrophil	3601	3602	2.33405124906741
Neutrophil	3602	3603	2.78771760383608
Neutrophil	3603	3604	2.60733178829351
Neutrophil	3604	3605	2.59577307189738
Neutrophil	3605	3606	3.39884811191223
Neutrophil	3606	3607	2.26934127872548
Neutrophil	3607	3608	2.96262129824963
Neutrophil	3608	3609	2.62496545469943
Neutrophil	3609	3610	2.47198915915551
Neutrophil	3610	3611	2.3215222940138
Neutrophil	3611	3612	2.21884704134939
Neutrophil	3612	3613	1.63520791060614
Neutrophil	3613	3614	2.06763174829063
Neutrophil	3614	3615	2.70191178897047
Neutrophil	3787	3788	1.91058675785902
Neutrophil	3788	3789	1.99844174348819
Neutrophil	3789	3790	2.38436936776056
Neutrophil	3790	3791	2.20652281151541
Neutrophil	3791	3792	2.31409562022533
Neutrophil	3792	3793	2.35709500583626
Neutrophil	3805	3806	2.54885537438827
Neutrophil	3807	3808	3.25729560248601
Neutrophil	3808	3809	2.84687061247852
Neutrophil	3811	3812	1.86493826954485
Neutrophil	3812	3813	2.9346399057819
Neutrophil	3813	3814	3.14227867615626
Neutrophil	3814	3815	2.45819990192619
Neutrophil	3815	3816	2.64448320308859
Neutrophil	3832	3833	3.00903454157339
Neutrophil	3833	3834	2.1336948960358
Neutrophil	3834	3835	2.76372713726924
Neutrophil	3835	3836	1.57971339318672
Neutrophil	3839	3840	1.99294852323313
Neutrophil	3840	3841	2.2269234554063
Neutrophil	3841	3842	1.93755687852634
Neutrophil	3842	3843	2.00954848663315
Neutrophil	3843	3844	2.00787212911214
Neutrophil	3844	3845	2.44607595018473
Neutrophil	3845	3846	2.33236965435157
Neutrophil	3846	3847	2.31738806956212
Neutrophil	3847	3848	2.11424399841647
Neutrophil	3848	3849	2.6196374607391
Neutrophil	3849	3850	2.4369772841275
Neutrophil	3850	3851	2.35969556704636
Neutrophil	3851	3852	2.72736383616425
Neutrophil	3882	3883	3.44371490765316
Neutrophil	3883	3884	2.57984721214217
Neutrophil	3884	3885	2.93773767990245
Neutrophil	3885	3886	2.44463275065006
Neutrophil	3886	3887	2.96552602249889
Neutrophil	3887	3888	2.87050115769756
Neutrophil	3888	3889	2.50386302582557
Neutrophil	3889	3890	1.76437617339183
Neutrophil	3890	3891	2.7176223462617
Neutrophil	3891	3892	3.5084782983892
Neutrophil	3892	3893	3.42340204021612
Neutrophil	3893	3894	2.53163708099442
Neutrophil	3894	3895	2.03053141664232
Neutrophil	3917	3918	3.13804849573425
Neutrophil	3918	3919	2.62318580610769
Neutrophil	3919	3920	2.40428332153369
Neutrophil	3920	3921	2.14028678255424
Neutrophil	3921	3922	2.73093319654561
Neutrophil	3922	3923	2.52104952205033
Neutrophil	3923	3924	2.31081633660997
Neutrophil	3924	3925	2.78343635018663
Neutrophil	3925	3926	3.10812041590266
Neutrophil	3926	3927	2.14360348589712
Neutrophil	3927	3928	3.38405218891788
Neutrophil	3928	3929	2.37902000452688
Neutrophil	3929	3930	3.24378468224852
Neutrophil	3930	3931	2.41349478164118
Neutrophil	3931	3932	2.72625138255313
Neutrophil	3932	3933	3.53127477851527
Neutrophil	3933	3934	3.07158768923198
Neutrophil	3934	3935	2.04621361751363
Neutrophil	3935	3936	2.42468423852617
Neutrophil	3936	3937	3.05602342705873
Neutrophil	3937	3938	2.89935745399529
Neutrophil	3938	3939	2.31245433874836
Neutrophil	3939	3940	3.69808888532511
Neutrophil	3940	3941	2.08903795286907
Neutrophil	3941	3942	2.76651592364488
Neutrophil	3942	3943	3.25869769466493
Neutrophil	3943	3944	2.27794064036481
Neutrophil	3944	3945	2.96146202332733
Neutrophil	3945	3946	1.81591216229099
Neutrophil	3946	3947	1.89746006310715
Neutrophil	3947	3948	3.81107264024787
Neutrophil	3948	3949	2.8021400099501
Neutrophil	3949	3950	1.85577505279414
Neutrophil	3950	3951	3.15795836738679
Neutrophil	3951	3952	2.8602230756479
Neutrophil	3952	3953	2.65805187706091
Neutrophil	3953	3954	1.90862732886202
Neutrophil	3954	3955	2.58493414734249
Neutrophil	3955	3956	3.27100660630339
Neutrophil	3956	3957	2.10723100359207
Neutrophil	3957	3958	3.7038656085508
Neutrophil	3958	3959	2.45138897878499
Neutrophil	3959	3960	2.64661157397984
Neutrophil	3960	3961	2.00341976423649
Neutrophil	3961	3962	1.88931305995646
Neutrophil	3962	3963	3.3125492643081
Neutrophil	3963	3964	2.58398984806424
Neutrophil	3964	3965	2.93520234422378
Neutrophil	3965	3966	3.01731498061465
Neutrophil	3966	3967	3.10049345800505
Neutrophil	3967	3968	2.08532623654161
Neutrophil	3968	3969	3.67532648770923
Neutrophil	3969	3970	2.45138897878499
Neutrophil	3970	3971	2.07917908596773
Neutrophil	3971	3972	2.25317292963105
Neutrophil	3972	3973	3.68853826531137
Neutrophil	3973	3974	2.61708379673422
Neutrophil	3974	3975	3.15294026160511
Neutrophil	3975	3976	2.43793040895244
Neutrophil	3976	3977	2.69159272906391
Neutrophil	3977	3978	2.77634671238211
Neutrophil	3978	3979	2.89773716760199
Neutrophil	3979	3980	2.83472050334679
Neutrophil	3980	3981	3.32280215749681
Neutrophil	4147	4148	3.39978067719441
Neutrophil	4150	4151	2.61434211279111
Neutrophil	4151	4152	2.11809586296276
Neutrophil	4152	4153	2.66320820330355
Neutrophil	4153	4154	2.9539628606777
Neutrophil	4154	4155	1.72880552249059
Neutrophil	4155	4156	2.77352672062016
Neutrophil	4156	4157	2.23806890549876
Neutrophil	4157	4158	3.54098359971188
Neutrophil	4158	4159	1.75205563971062
Neutrophil	4159	4160	3.63137495963375
Neutrophil	4179	4180	1.77325184657207
Neutrophil	4187	4188	2.59807244573354
Neutrophil	4226	4227	2.58323515477029
Neutrophil	4289	4290	2.88275428559877
Neutrophil	4290	4291	3.89811024513813
Neutrophil	4300	4301	2.73361977595171
Neutrophil	4301	4302	2.04621361751363
Neutrophil	4302	4303	2.69031137676483
Neutrophil	4303	4304	2.76372713726924
Neutrophil	4353	4354	2.81237731913883
Neutrophil	4354	4355	3.71064972577937
Neutrophil	4355	4356	2.34081217434162
Neutrophil	4356	4357	2.98910659858185
Neutrophil	4357	4358	2.49412330489292
Neutrophil	4358	4359	2.56976284449308
Neutrophil	4359	4360	3.58765993285183
Neutrophil	4360	4361	1.82676688586354
Neutrophil	4361	4362	2.09588898999699
Neutrophil	4413	4414	2.60616891795693
Neutrophil	4414	4415	2.69673702406138
Neutrophil	4415	4416	2.7948994212346
Neutrophil	4416	4417	2.74717732949102
Neutrophil	4417	4418	2.78581226358333
Neutrophil	4418	4419	2.59119266296677
Neutrophil	4419	4420	1.99623969310687
Neutrophil	4420	4421	3.10455324858405
Neutrophil	4421	4422	2.33827032138668
Neutrophil	4422	4423	1.87328444292206
Neutrophil	4423	4424	2.90477967429745
Neutrophil	4424	4425	3.38749903026683
Neutrophil	4425	4426	2.14028678255424
Neutrophil	4426	4427	2.39517245390798
Neutrophil	4427	4428	2.76791363191079
Neutrophil	4428	4429	2.61316976459608
Neutrophil	4429	4430	1.91058675785902
Neutrophil	4430	4431	2.65640829245281
Neutrophil	4431	4432	2.62972916222918
Neutrophil	4432	4433	2.6650719917609
Neutrophil	4433	4434	2.5521227959038
Neutrophil	4434	4435	2.17478717681931
Neutrophil	4435	4436	2.28663181137711
Neutrophil	4436	4437	2.01685551058656
Neutrophil	4437	4438	1.69314599868588
Neutrophil	4438	4439	3.67908258638818
Neutrophil	4742	4743	2.81090758654192
Neutrophil	4743	4744	4.1118579709299
Neutrophil	4744	4745	3.11016506255815
Neutrophil	4745	4746	2.94595604646119
Macrophage	0	1	0.949642740079801
Macrophage	1	2	0.718691088349859
Macrophage	110	111	0.411779938421142
Macrophage	111	112	0.352536887237953
Macrophage	231	232	1.65580383299203
Macrophage	292	293	0.768534859629062
Macrophage	309	310	0.825362931298481
Macrophage	310	311	0.527354925717201
Macrophage	311	312	0.874233924806939
Macrophage	338	339	0.558759989851527
Macrophage	339	340	0.973493069418636
Macrophage	340	341	1.02074190468261
Macrophage	379	380	0.576460035424199
Macrophage	508	509	0.58921243595099
Macrophage	509	510	0.537483008104721
Macrophage	633	634	0.495296398457485
Macrophage	711	712	1.292726848036
Macrophage	812	813	1.3563103964635
Macrophage	921	922	0.609258354716413
Macrophage	982	983	1.03177143826903
Macrophage	1222	1223	0.655006464996577
Macrophage	1278	1279	0.52154400055943
Macrophage	1279	1280	1.09390124551808
Macrophage	1280	1281	0.264593930173441
Macrophage	1281	1282	0.348527423706326
Macrophage	1534	1535	0.807542421470514
Macrophage	1535	1536	1.68468996877929
Macrophage	1536	1537	0.736500260492154
Macrophage	1974	1975	0.961708211564948
Macrophage	1975	1976	1.41258443628059
Macrophage	2065	2066	0.768038958501979
Macrophage	2089	2090	0.453884112737203
Macrophage	2090	2091	0.350253903350625
Macrophage	2091	2092	0.430188749393745
Macrophage	2092	2093	0.29343739839813
Macrophage	2093	2094	0.374225291944681
Macrophage	2279	2280	0.987016937277905
Macrophage	2280	2281	0.70288751730833
Macrophage	2281	2282	1.8116156410013
Macrophage	2282	2283	0.701705711518906
Macrophage	2283	2284	0.273039411123602
Macrophage	2586	2587	0.356756391301276
Macrophage	2587	2588	0.292555479702762
Macrophage	2936	2937	0.80180362348725
Macrophage	2999	3000	0.536714768115863
Macrophage	3000	3001	0.205983966221152
Macrophage	3048	3049	0.809613030919786
Macrophage	3150	3151	0.762750087142832
Macrophage	3572	3573	0.752783821626072
Macrophage	3573	3574	0.376305549957606
Macrophage	3574	3575	0.496652198958469
Macrophage	3575	3576	0.387599813273035
Macrophage	3576	3577	0.379353638644298
Macrophage	3577	3578	0.425560305579942
Macrophage	3578	3579	0.87333925722434
Macrophage	3579	3580	0.624172881071992
Macrophage	3580	3581	0.544530282869098
Macrophage	3581	3582	0.269902958051938
Macrophage	3582	3583	0.526786336825756
Macrophage	4189	4190	0.76311659972357
Macrophage	4190	4191	0.373306616207981
Macrophage	4191	4192	1.23432360154957
Macrophage	4192	4193	1.42877793858469
Macrophage	4193	4194	0.744592481083309
Macrophage	4194	4195	0.665538064945878
Macrophage	4195	4196	0.395740663641577
Macrophage	4196	4197	0.439248990661926
Macrophage	4197	4198	0.399311242533786
Macrophage	4198	4199	0.637036298569093
Macrophage	5007	5008	0.754420916490909
Macrophage	5008	5009	0.52636071760722
Macrophage	5217	5218	0.345691868549269
Macrophage	5479	5480	0.311498955620448
Macrophage	5534	5535	0.723031339409614
Macrophage	5705	5706	0.567551043444595
Macrophage	5746	5747	0.464636757458816
Macrophage	5747	5748	0.364297556104403
Macrophage	5873	5874	0.521391019945208
Macrophage	5962	5963	0.629634134232535
Macrophage	5963	5964	0.792228963817728
Macrophage	6010	6011	0.776371518594846
Macrophage	6011	6012	0.539562585142049
Macrophage	6100	6101	0.44290682778239
Macrophage	6101	6102	0.987862442831866
Macrophage	6102	6103	0.867771324083657
Macrophage	6103	6104	0.654739821241917
Macrophage	6358	6359	0.582293306486011
Macrophage	6359	6360	0.646237797253224
Macrophage	6360	6361	0.509920598150555
Macrophage	6361	6362	0.65046005578076
Macrophage	6362	6363	0.304080866183993
Macrophage	6363	6364	0.469344571674173
Macrophage	6364	6365	0.302828160043032
Macrophage	6365	6366	0.590394065320294
Macrophage	6366	6367	0.294193866083924
Macrophage	6755	6756	0.717507027222477
Macrophage	6756	6757	0.884789788852023
Macrophage	7058	7059	0.923246755687937
Macrophage	7126	7127	0.473807223421797
Macrophage	7190	7191	1.33374977847839
Macrophage	7316	7317	1.06510399910669
Macrophage	7530	7531	0.816455749079109
Macrophage	7557	7558	0.558055975224002
Macrophage	7621	7622	0.666919633685794
Macrophage	7681	7682	0.633406185203762
Macrophage	7682	7683	1.81936793330905
Macrophage	7771	7772	0.343819284726089
Macrophage	7823	7824	0.392421269656712
Macrophage	7824	7825	0.380522417946132
Macrophage	7907	7908	0.508516337821764
Macrophage	7908	7909	0.367629078822681
Macrophage	7909	7910	0.376778991681036
Macrophage	7910	7911	0.481692473496049
Macrophage	8159	8160	1.1053237232561
Macrophage	8160	8161	1.08260564935874
Macrophage	8161	8162	1.93603268455258
Macrophage	8367	8368	0.707343405286874
Macrophage	8368	8369	0.443926117079503
Macrophage	8701	8702	0.802074951283096
Macrophage	8702	8703	0.370480551762538
Macrophage	8703	8704	0.35329196636905
Macrophage	8771	8772	0.453089158267743
Macrophage	8897	8898	0.363347341228686
Macrophage	8975	8976	0.41778326412347
Macrophage	9084	9085	0.902622017137063
Macrophage	9085	9086	0.765754117128718
Macrophage	9163	9164	1.40256229874785
Macrophage	9164	9165	0.928492127710595
Macrophage	9365	9366	0.603383587808824
Macrophage	9366	9367	0.379849480877415
Macrophage	9505	9506	0.573571291606853
Macrophage	9506	9507	0.504688534493846
Macrophage	9507	9508	0.633821263813322
Macrophage	9508	9509	1.03119059034626
Macrophage	9509	9510	0.437686165694487
Macrophage	9660	9661	0.773028385178031
Macrophage	9661	9662	0.724371501768066
Macrophage	9821	9822	0.699660216987928
Macrophage	9822	9823	0.825723490103917
Macrophage	9823	9824	0.471871155918815
Macrophage	9824	9825	0.91671093778123
DC	24	25	0.408572395932671
DC	70	71	0.506018937984932
DC	71	72	0.328452741730971
DC	120	121	0.464504915959319
DC	167	168	0.420780138140707
DC	168	169	0.410408805695318
DC	169	170	0.383759562743097
DC	296	297	0.403145305907933
DC	352	353	0.412055280618722
DC	456	457	0.586297223699058
DC	519	520	0.605303649074429
DC	520	521	0.736613758707948
DC	577	578	1.08239051718643
DC	578	579	0.633904346997085
DC	643	644	1.99789063329586
DC	644	645	0.954626173670854
DC	758	759	1.06497943176007
DC	796	797	0.814488268485029
DC	797	798	0.411797136375559
DC	1088	1089	0.619006243184529
DC	1095	1096	0.444407434410987
DC	1106	1107	0.311851504844642
DC	1143	1144	1.00117095910366
DC	1144	1145	1.40225416789642
DC	1178	1179	0.615096057950908
DC	1179	1180	0.775548698398691
DC	1180	1181	1.59196286381419
DC	1253	1254	0.351360463964088
DC	1254	1255	0.347743888839661
DC	1279	1280	0.399909994800535
DC	1354	1355	0.703299552023963
DC	1355	1356	0.585132383317246
DC	1387	1388	0.766308576573255
Mast	97	98	0.551083465945449
Mast	98	99	0.813228731552206
Mast	99	100	0.397637951027113
Mast	348	349	2.3719407104721
EC	524	525	0.89263117350582
EC	1490	1491	1.47407704551374
Fb	806	807	0.338461177390239
Fb	823	824	0.430715619077052
Fb	1489	1490	0.323141631622793
Fb	1604	1605	1.10953031058751
Fb	1872	1873	0.346296422935694
Fb	2564	2565	0.699660216987928
Fb	2639	2640	1.54225471137296
Tumor	78	79	0.31216555798598
Tumor	288	289	0.445918412508286
Tumor	342	343	1.55332694264181
Tumor	657	658	1.03770757142751
Tumor	658	659	0.696589870763658
Tumor	758	759	0.585290944826429
Tumor	759	760	0.63138039188777
Tumor	1081	1082	0.756515306546755
Tumor	1190	1191	0.295041929243069
Tumor	1621	1622	0.344231647318533
Tumor	1734	1735	0.66877100371613
Tumor	1800	1801	0.943994793104611
Tumor	1803	1804	0.352499218872503
Tumor	1959	1960	0.563804863612871
Tumor	1965	1966	0.548942969284619
Tumor	1966	1967	0.416846787367843
Tumor	1967	1968	1.20561642049492
Tumor	1968	1969	0.345957609634861
Tumor	2364	2365	1.35056198044591
Tumor	2557	2558	0.366484579762608
Tumor	3304	3305	0.33917976751078
Tumor	3531	3532	1.11349754320914
Tumor	3532	3533	0.232572395870377
Tumor	3533	3534	0.224395565888495
Tumor	3988	3989	0.522380058917342
Tumor	4062	4063	0.398070996226213
Tumor	4104	4105	0.465760493813382
Tumor	4105	4106	0.364794732857542
Tumor	4106	4107	0.657550843793294
Tumor	4107	4108	0.338449612414963
Tumor	4108	4109	0.203381700849145
Tumor	4109	4110	0.42535816668365
Tumor	4325	4326	0.520419652892059
Tumor	4706	4707	0.359543791282497
Tumor	4761	4762	0.353949016828864
Tumor	4762	4763	0.275659991215691
